,int cast,true length,label,audio file
0,3,3.570294784580499,1,all_actors/03-01-03-02-02-01-20.wav
1,3,3.53687074829932,1,all_actors/03-01-03-01-01-01-06.wav
2,3,3.5369160997732427,1,all_actors/03-01-04-01-02-01-18.wav
3,3,3.9039002267573695,1,all_actors/03-01-07-01-02-01-05.wav
4,3,3.8705215419501133,1,all_actors/03-01-04-01-01-02-08.wav
5,3,3.4034013605442177,1,all_actors/03-01-04-02-01-02-15.wav
6,3,3.7704761904761903,1,all_actors/03-01-03-02-01-01-16.wav
7,4,4.471156462585034,1,all_actors/03-01-07-02-01-02-18.wav
8,3,3.8705215419501133,1,all_actors/03-01-02-01-01-02-16.wav
9,4,4.13750566893424,1,all_actors/03-01-02-02-01-01-02.wav
10,3,3.436780045351474,1,all_actors/03-01-03-01-02-01-18.wav
11,4,4.037414965986395,1,all_actors/03-01-02-02-01-02-02.wav
12,3,3.7704761904761903,1,all_actors/03-01-04-02-02-02-04.wav
13,3,3.670340136054422,1,all_actors/03-01-03-01-01-02-16.wav
14,3,3.5035374149659866,1,all_actors/03-01-08-01-02-01-10.wav
15,3,3.803854875283447,1,all_actors/03-01-05-02-01-01-09.wav
16,3,3.570249433106576,1,all_actors/03-01-06-02-02-02-04.wav
17,3,3.9039455782312924,1,all_actors/03-01-01-01-01-01-07.wav
18,3,3.3700680272108845,1,all_actors/03-01-08-01-02-01-17.wav
19,3,3.970657596371882,1,all_actors/03-01-07-02-02-02-21.wav
20,3,3.937278911564626,1,all_actors/03-01-05-01-02-02-21.wav
21,3,3.4034013605442177,1,all_actors/03-01-07-02-02-01-13.wav
22,3,3.83718820861678,1,all_actors/03-01-02-02-02-02-10.wav
23,3,3.670340136054422,1,all_actors/03-01-08-02-01-02-17.wav
24,4,4.104126984126984,1,all_actors/03-01-08-02-01-01-19.wav
25,3,3.6370068027210882,1,all_actors/03-01-06-02-01-02-02.wav
26,3,3.670340136054422,1,all_actors/03-01-01-01-02-01-23.wav
27,4,4.771473922902494,1,all_actors/03-01-02-02-02-02-06.wav
28,3,3.47015873015873,1,all_actors/03-01-03-01-01-01-01.wav
29,3,3.83718820861678,1,all_actors/03-01-04-02-01-02-07.wav
30,3,3.603628117913832,1,all_actors/03-01-02-02-01-02-17.wav
31,3,3.2365986394557824,1,all_actors/03-01-08-02-02-01-19.wav
32,3,3.8705668934240363,1,all_actors/03-01-07-01-02-01-10.wav
33,4,4.3710657596371885,1,all_actors/03-01-05-02-01-01-24.wav
34,3,3.4034013605442177,1,all_actors/03-01-07-02-01-01-13.wav
35,3,3.737097505668934,1,all_actors/03-01-02-02-01-01-10.wav
36,3,3.53687074829932,1,all_actors/03-01-03-01-02-02-17.wav
37,3,3.803809523809524,1,all_actors/03-01-08-02-02-01-08.wav
38,3,3.3700226757369616,1,all_actors/03-01-03-01-01-02-18.wav
39,3,3.436780045351474,1,all_actors/03-01-01-01-01-02-22.wav
40,4,4.037414965986395,1,all_actors/03-01-07-02-01-02-04.wav
41,3,3.83718820861678,1,all_actors/03-01-06-02-01-01-24.wav
42,3,3.5369160997732427,1,all_actors/03-01-08-01-02-01-01.wav
43,3,3.9039002267573695,1,all_actors/03-01-05-01-01-01-10.wav
44,3,3.603628117913832,1,all_actors/03-01-05-01-01-02-15.wav
45,4,4.20421768707483,1,all_actors/03-01-02-01-02-02-06.wav
46,3,3.937278911564626,1,all_actors/03-01-08-02-01-01-24.wav
47,3,3.1698412698412697,1,all_actors/03-01-06-01-02-01-11.wav
48,3,3.703718820861678,1,all_actors/03-01-03-01-01-01-12.wav
49,3,3.5035374149659866,1,all_actors/03-01-04-02-01-01-10.wav
50,3,3.703718820861678,1,all_actors/03-01-03-01-01-02-19.wav
51,4,4.170839002267574,1,all_actors/03-01-02-01-02-01-23.wav
52,3,3.3700680272108845,1,all_actors/03-01-08-01-02-02-15.wav
53,3,3.83718820861678,1,all_actors/03-01-05-02-02-01-18.wav
54,4,4.3710657596371885,1,all_actors/03-01-05-02-02-01-09.wav
55,3,3.7704308390022674,1,all_actors/03-01-03-02-01-01-08.wav
56,4,4.13750566893424,1,all_actors/03-01-03-02-01-01-05.wav
57,4,4.270975056689342,1,all_actors/03-01-04-02-01-01-23.wav
58,3,3.737097505668934,1,all_actors/03-01-05-02-01-02-17.wav
59,3,3.803809523809524,1,all_actors/03-01-01-01-01-01-23.wav
60,3,3.6370068027210882,1,all_actors/03-01-04-02-02-01-09.wav
61,3,3.570249433106576,1,all_actors/03-01-04-02-02-02-10.wav
62,3,3.1365079365079365,1,all_actors/03-01-06-01-01-01-13.wav
63,4,4.070793650793651,1,all_actors/03-01-02-02-01-02-20.wav
64,3,3.8705668934240363,1,all_actors/03-01-07-01-02-01-02.wav
65,3,3.737097505668934,1,all_actors/03-01-03-02-02-02-14.wav
66,3,3.737097505668934,1,all_actors/03-01-03-01-02-02-02.wav
67,3,3.737097505668934,1,all_actors/03-01-08-02-02-01-02.wav
68,4,4.270929705215419,1,all_actors/03-01-07-02-01-01-16.wav
69,3,3.53687074829932,1,all_actors/03-01-02-01-01-01-22.wav
70,3,3.436780045351474,1,all_actors/03-01-06-01-02-02-10.wav
71,3,3.7704761904761903,1,all_actors/03-01-02-02-01-02-12.wav
72,3,3.47015873015873,1,all_actors/03-01-03-01-02-01-17.wav
73,3,3.5035374149659866,1,all_actors/03-01-08-01-02-01-16.wav
74,3,3.5035374149659866,1,all_actors/03-01-06-01-01-02-11.wav
75,3,3.3700226757369616,1,all_actors/03-01-03-01-02-01-05.wav
76,3,3.47015873015873,1,all_actors/03-01-08-02-02-02-07.wav
77,4,4.070748299319728,1,all_actors/03-01-07-02-01-01-08.wav
78,3,3.83718820861678,1,all_actors/03-01-06-02-01-01-19.wav
79,4,4.471156462585034,1,all_actors/03-01-05-02-02-02-06.wav
80,3,3.803809523809524,1,all_actors/03-01-03-01-01-02-21.wav
81,3,3.1031292517006803,1,all_actors/03-01-01-01-01-02-11.wav
82,3,3.436780045351474,1,all_actors/03-01-06-01-01-02-06.wav
83,3,3.6369614512471657,1,all_actors/03-01-02-01-01-01-20.wav
84,3,3.436780045351474,1,all_actors/03-01-06-01-01-01-18.wav
85,3,3.436780045351474,1,all_actors/03-01-04-02-02-01-13.wav
86,4,4.13750566893424,1,all_actors/03-01-07-02-02-02-16.wav
87,4,4.671337868480726,1,all_actors/03-01-07-02-01-01-10.wav
88,4,4.004036281179138,1,all_actors/03-01-06-01-02-02-24.wav
89,3,3.5035374149659866,1,all_actors/03-01-04-01-01-01-15.wav
90,4,4.87156462585034,1,all_actors/03-01-07-02-02-02-10.wav
91,4,4.270975056689342,1,all_actors/03-01-05-01-01-01-12.wav
92,3,3.6369614512471657,1,all_actors/03-01-07-01-01-02-14.wav
93,3,3.1365079365079365,1,all_actors/03-01-02-02-01-01-13.wav
94,3,3.336689342403628,1,all_actors/03-01-08-02-01-01-13.wav
95,3,3.803854875283447,1,all_actors/03-01-07-02-01-01-11.wav
96,3,3.6369614512471657,1,all_actors/03-01-08-02-01-02-07.wav
97,3,3.53687074829932,1,all_actors/03-01-01-01-02-01-08.wav
98,3,3.670340136054422,1,all_actors/03-01-04-01-02-02-23.wav
99,3,3.670340136054422,1,all_actors/03-01-01-01-02-02-21.wav
100,3,3.8705215419501133,1,all_actors/03-01-05-02-02-01-10.wav
101,3,3.5035374149659866,1,all_actors/03-01-03-01-01-01-07.wav
102,3,3.5369160997732427,1,all_actors/03-01-01-01-01-02-18.wav
103,3,3.570249433106576,1,all_actors/03-01-06-02-01-02-05.wav
104,3,3.9039002267573695,1,all_actors/03-01-07-02-01-02-05.wav
105,3,3.2365986394557824,1,all_actors/03-01-03-01-01-02-05.wav
106,3,3.7704761904761903,1,all_actors/03-01-07-01-02-01-04.wav
107,4,4.20421768707483,1,all_actors/03-01-03-02-01-01-12.wav
108,3,3.937278911564626,1,all_actors/03-01-07-01-02-01-08.wav
109,3,3.603628117913832,1,all_actors/03-01-06-02-02-01-02.wav
110,3,3.603628117913832,1,all_actors/03-01-02-01-01-02-01.wav
111,4,4.3710657596371885,1,all_actors/03-01-06-01-01-02-20.wav
112,3,3.803854875283447,1,all_actors/03-01-07-02-01-02-11.wav
113,3,3.7704308390022674,1,all_actors/03-01-03-02-02-02-04.wav
114,3,3.3700226757369616,1,all_actors/03-01-06-01-01-01-14.wav
115,3,3.336689342403628,1,all_actors/03-01-04-02-02-02-11.wav
116,3,3.737097505668934,1,all_actors/03-01-05-01-02-02-04.wav
117,3,3.53687074829932,1,all_actors/03-01-08-02-02-01-20.wav
118,3,3.7704308390022674,1,all_actors/03-01-07-01-01-01-14.wav
119,4,4.070748299319728,1,all_actors/03-01-06-02-01-02-24.wav
120,3,3.4034013605442177,1,all_actors/03-01-01-01-02-01-06.wav
121,3,3.8705668934240363,1,all_actors/03-01-04-02-02-02-09.wav
122,3,3.1030839002267574,1,all_actors/03-01-01-01-02-01-05.wav
123,3,3.83718820861678,1,all_actors/03-01-07-01-02-02-20.wav
124,4,4.170839002267574,1,all_actors/03-01-03-02-01-02-09.wav
125,3,3.5035374149659866,1,all_actors/03-01-03-02-01-01-06.wav
126,3,3.4034013605442177,1,all_actors/03-01-05-02-01-01-23.wav
127,3,3.703718820861678,1,all_actors/03-01-03-01-02-02-01.wav
128,3,3.5035374149659866,1,all_actors/03-01-02-01-02-02-14.wav
129,3,3.737097505668934,1,all_actors/03-01-06-02-01-01-16.wav
130,3,3.737097505668934,1,all_actors/03-01-04-02-02-02-16.wav
131,3,3.737097505668934,1,all_actors/03-01-08-02-01-02-22.wav
132,4,4.004036281179138,1,all_actors/03-01-02-02-01-02-01.wav
133,3,3.5369160997732427,1,all_actors/03-01-04-02-02-01-15.wav
134,3,3.603628117913832,1,all_actors/03-01-04-01-01-01-20.wav
135,3,3.83718820861678,1,all_actors/03-01-02-01-02-01-03.wav
136,3,3.436780045351474,1,all_actors/03-01-08-01-02-02-04.wav
137,3,3.47015873015873,1,all_actors/03-01-06-02-01-02-15.wav
138,4,4.404444444444445,1,all_actors/03-01-05-02-02-01-20.wav
139,4,4.20421768707483,1,all_actors/03-01-05-01-02-01-06.wav
140,3,3.670340136054422,1,all_actors/03-01-08-01-01-02-05.wav
141,3,3.8705215419501133,1,all_actors/03-01-04-02-01-01-14.wav
142,3,3.8705668934240363,1,all_actors/03-01-04-01-01-02-23.wav
143,3,3.603628117913832,1,all_actors/03-01-03-02-02-01-04.wav
144,3,3.570249433106576,1,all_actors/03-01-02-01-01-02-22.wav
145,3,3.5035374149659866,1,all_actors/03-01-03-01-01-01-08.wav
146,3,3.436780045351474,1,all_actors/03-01-05-01-01-01-13.wav
147,3,3.603628117913832,1,all_actors/03-01-02-02-02-02-18.wav
148,4,4.13750566893424,1,all_actors/03-01-05-02-01-01-20.wav
149,3,3.5035374149659866,1,all_actors/03-01-06-02-02-02-16.wav
150,4,4.771428571428571,1,all_actors/03-01-07-02-01-01-18.wav
151,3,3.803809523809524,1,all_actors/03-01-05-01-02-02-20.wav
152,3,3.2699319727891156,1,all_actors/03-01-01-01-02-01-01.wav
153,4,4.104126984126984,1,all_actors/03-01-07-01-01-02-24.wav
154,3,3.6370068027210882,1,all_actors/03-01-07-02-01-01-09.wav
155,3,3.3033106575963718,1,all_actors/03-01-06-01-01-01-15.wav
156,3,3.6369614512471657,1,all_actors/03-01-06-01-01-01-06.wav
157,3,3.336689342403628,1,all_actors/03-01-04-02-01-01-11.wav
158,3,3.7704761904761903,1,all_actors/03-01-05-02-01-02-09.wav
159,3,3.4034013605442177,1,all_actors/03-01-08-01-01-01-01.wav
160,4,4.070748299319728,1,all_actors/03-01-02-02-01-02-24.wav
161,3,3.2032199546485263,1,all_actors/03-01-06-01-02-02-12.wav
162,3,3.1364625850340135,1,all_actors/03-01-01-01-02-02-13.wav
163,4,4.237596371882086,1,all_actors/03-01-05-02-02-01-03.wav
164,3,3.47015873015873,1,all_actors/03-01-07-01-02-01-23.wav
165,3,3.83718820861678,1,all_actors/03-01-02-02-01-01-11.wav
166,3,3.670340136054422,1,all_actors/03-01-03-02-01-01-01.wav
167,3,3.670340136054422,1,all_actors/03-01-02-01-01-01-19.wav
168,3,3.570249433106576,1,all_actors/03-01-03-02-01-01-15.wav
169,3,3.2032199546485263,1,all_actors/03-01-03-01-01-02-13.wav
170,3,3.570294784580499,1,all_actors/03-01-08-02-02-01-16.wav
171,4,4.170839002267574,1,all_actors/03-01-05-02-02-01-14.wav
172,3,3.83718820861678,1,all_actors/03-01-03-01-01-01-21.wav
173,3,3.436780045351474,1,all_actors/03-01-04-01-01-01-19.wav
174,3,3.83718820861678,1,all_actors/03-01-07-01-02-02-02.wav
175,3,3.6370068027210882,1,all_actors/03-01-03-02-01-02-11.wav
176,3,3.4034013605442177,1,all_actors/03-01-08-01-01-01-13.wav
177,3,3.5035374149659866,1,all_actors/03-01-05-01-02-01-01.wav
178,3,3.5369160997732427,1,all_actors/03-01-08-01-01-02-07.wav
179,3,3.336689342403628,1,all_actors/03-01-02-01-01-01-09.wav
180,3,3.2365986394557824,1,all_actors/03-01-06-01-01-02-23.wav
181,3,3.8705215419501133,1,all_actors/03-01-04-02-01-01-12.wav
182,3,3.737097505668934,1,all_actors/03-01-08-02-01-02-12.wav
183,3,3.6370068027210882,1,all_actors/03-01-06-02-01-01-06.wav
184,3,3.83718820861678,1,all_actors/03-01-01-01-01-01-21.wav
185,3,3.7704761904761903,1,all_actors/03-01-03-01-02-02-05.wav
186,3,3.970657596371882,1,all_actors/03-01-06-01-01-01-08.wav
187,3,3.47015873015873,1,all_actors/03-01-06-02-02-02-14.wav
188,3,3.737097505668934,1,all_actors/03-01-04-02-01-01-02.wav
189,3,3.2365986394557824,1,all_actors/03-01-03-02-02-02-23.wav
190,4,4.104126984126984,1,all_actors/03-01-08-02-01-02-05.wav
191,3,3.2365986394557824,1,all_actors/03-01-06-02-01-01-09.wav
192,3,3.803809523809524,1,all_actors/03-01-04-02-01-01-18.wav
193,3,3.1364625850340135,1,all_actors/03-01-06-01-02-01-23.wav
194,4,4.170839002267574,1,all_actors/03-01-05-01-01-02-18.wav
195,4,4.537913832199546,1,all_actors/03-01-07-02-02-02-05.wav
196,4,4.404444444444445,1,all_actors/03-01-05-02-01-02-03.wav
197,3,3.7704761904761903,1,all_actors/03-01-04-02-01-01-03.wav
198,4,4.6046258503401365,1,all_actors/03-01-02-02-01-02-23.wav
199,3,3.436780045351474,1,all_actors/03-01-08-02-02-01-07.wav
200,3,3.8705668934240363,1,all_actors/03-01-04-02-02-02-12.wav
201,3,3.5035374149659866,1,all_actors/03-01-04-01-02-02-16.wav
202,3,3.336689342403628,1,all_actors/03-01-01-01-01-02-14.wav
203,3,3.7704308390022674,1,all_actors/03-01-04-02-01-01-08.wav
204,3,3.7704308390022674,1,all_actors/03-01-04-02-01-02-02.wav
205,3,3.737097505668934,1,all_actors/03-01-01-01-01-02-23.wav
206,3,3.436780045351474,1,all_actors/03-01-03-01-01-02-22.wav
207,3,3.737097505668934,1,all_actors/03-01-05-01-01-02-22.wav
208,3,3.737097505668934,1,all_actors/03-01-02-02-01-02-11.wav
209,3,3.5035374149659866,1,all_actors/03-01-03-01-02-01-03.wav
210,3,3.670340136054422,1,all_actors/03-01-02-01-02-02-11.wav
211,3,3.737097505668934,1,all_actors/03-01-03-01-02-02-12.wav
212,3,3.2699319727891156,1,all_actors/03-01-08-01-02-02-01.wav
213,4,4.170839002267574,1,all_actors/03-01-06-02-01-02-18.wav
214,3,3.2365986394557824,1,all_actors/03-01-08-02-02-02-03.wav
215,3,3.737097505668934,1,all_actors/03-01-04-02-02-02-19.wav
216,3,3.8705215419501133,1,all_actors/03-01-07-02-02-02-23.wav
217,3,3.47015873015873,1,all_actors/03-01-01-01-02-01-14.wav
218,3,3.4034467120181406,1,all_actors/03-01-02-01-01-02-18.wav
219,3,3.069750566893424,1,all_actors/03-01-06-02-02-01-11.wav
220,3,3.670340136054422,1,all_actors/03-01-07-01-01-01-02.wav
221,3,3.2365986394557824,1,all_actors/03-01-08-01-01-01-06.wav
222,3,3.6370068027210882,1,all_actors/03-01-08-02-01-01-18.wav
223,4,4.93827664399093,1,all_actors/03-01-07-02-02-02-19.wav
224,4,4.170839002267574,1,all_actors/03-01-06-02-01-02-20.wav
225,3,3.436780045351474,1,all_actors/03-01-08-01-02-02-07.wav
226,4,4.004036281179138,1,all_actors/03-01-05-01-01-02-16.wav
227,4,4.6046258503401365,1,all_actors/03-01-04-01-01-02-21.wav
228,3,3.737097505668934,1,all_actors/03-01-05-01-02-01-09.wav
229,3,3.8705215419501133,1,all_actors/03-01-07-02-02-02-20.wav
230,3,3.53687074829932,1,all_actors/03-01-04-01-02-01-11.wav
231,4,4.104126984126984,1,all_actors/03-01-02-01-01-02-05.wav
232,3,3.47015873015873,1,all_actors/03-01-05-01-02-01-11.wav
233,3,3.9039455782312924,1,all_actors/03-01-07-01-01-01-04.wav
234,3,3.970657596371882,1,all_actors/03-01-06-02-01-01-21.wav
235,3,3.703718820861678,1,all_actors/03-01-07-02-01-02-13.wav
236,3,3.47015873015873,1,all_actors/03-01-04-01-01-02-10.wav
237,3,3.670340136054422,1,all_actors/03-01-07-01-02-01-18.wav
238,3,3.3700680272108845,1,all_actors/03-01-07-02-01-02-15.wav
239,3,3.5035374149659866,1,all_actors/03-01-04-01-01-02-20.wav
240,3,3.2365986394557824,1,all_actors/03-01-05-01-01-01-20.wav
241,3,3.670340136054422,1,all_actors/03-01-06-02-02-01-17.wav
242,4,4.20421768707483,1,all_actors/03-01-07-01-01-02-10.wav
243,3,3.53687074829932,1,all_actors/03-01-07-01-01-01-07.wav
244,3,3.737097505668934,1,all_actors/03-01-06-02-02-02-06.wav
245,3,3.703718820861678,1,all_actors/03-01-03-01-01-02-20.wav
246,3,3.737097505668934,1,all_actors/03-01-02-01-01-02-04.wav
247,4,4.104126984126984,1,all_actors/03-01-04-02-01-02-06.wav
248,3,3.4034013605442177,1,all_actors/03-01-07-01-01-01-09.wav
249,3,3.603628117913832,1,all_actors/03-01-05-01-02-01-17.wav
250,3,3.7704761904761903,1,all_actors/03-01-06-01-02-01-19.wav
251,3,3.7704761904761903,1,all_actors/03-01-05-01-01-01-06.wav
252,3,3.47015873015873,1,all_actors/03-01-03-01-01-01-17.wav
253,3,3.4034013605442177,1,all_actors/03-01-07-01-02-02-09.wav
254,3,3.336689342403628,1,all_actors/03-01-02-01-02-01-11.wav
255,4,4.3710657596371885,1,all_actors/03-01-05-02-01-02-14.wav
256,3,3.83718820861678,1,all_actors/03-01-04-02-02-02-18.wav
257,3,3.5035374149659866,1,all_actors/03-01-06-02-02-01-13.wav
258,3,3.436780045351474,1,all_actors/03-01-08-01-01-02-16.wav
259,4,4.20421768707483,1,all_actors/03-01-04-01-02-02-21.wav
260,3,3.5369160997732427,1,all_actors/03-01-08-01-02-02-02.wav
261,3,3.737097505668934,1,all_actors/03-01-02-01-01-02-07.wav
262,3,3.47015873015873,1,all_actors/03-01-07-01-02-01-09.wav
263,4,4.20421768707483,1,all_actors/03-01-07-02-02-01-10.wav
264,3,3.47015873015873,1,all_actors/03-01-02-01-01-01-07.wav
265,3,3.47015873015873,1,all_actors/03-01-07-01-02-01-16.wav
266,4,4.170839002267574,1,all_actors/03-01-07-01-02-01-19.wav
267,3,3.570249433106576,1,all_actors/03-01-01-01-01-02-20.wav
268,3,3.6370068027210882,1,all_actors/03-01-02-02-02-02-09.wav
269,3,3.7704761904761903,1,all_actors/03-01-03-02-01-02-24.wav
270,3,3.336689342403628,1,all_actors/03-01-08-02-02-01-23.wav
271,3,3.7704761904761903,1,all_actors/03-01-03-02-01-01-09.wav
272,3,3.2699773242630386,1,all_actors/03-01-01-01-01-01-09.wav
273,3,3.703718820861678,1,all_actors/03-01-04-02-01-02-19.wav
274,3,3.970657596371882,1,all_actors/03-01-06-01-02-01-21.wav
275,3,3.9039002267573695,1,all_actors/03-01-05-01-02-02-16.wav
276,3,3.7704761904761903,1,all_actors/03-01-05-02-02-02-11.wav
277,3,3.7704761904761903,1,all_actors/03-01-05-02-01-02-08.wav
278,3,3.737097505668934,1,all_actors/03-01-06-02-01-02-16.wav
279,3,3.603628117913832,1,all_actors/03-01-07-01-02-01-12.wav
280,3,3.603628117913832,1,all_actors/03-01-03-02-02-02-06.wav
281,4,4.270975056689342,1,all_actors/03-01-02-02-02-01-07.wav
282,3,3.3033106575963718,1,all_actors/03-01-06-01-01-01-04.wav
283,3,3.2032199546485263,1,all_actors/03-01-03-01-01-02-11.wav
284,4,4.004036281179138,1,all_actors/03-01-07-02-01-01-04.wav
285,4,4.070793650793651,1,all_actors/03-01-04-01-02-01-21.wav
286,3,3.570249433106576,1,all_actors/03-01-05-01-01-01-09.wav
287,3,3.1698412698412697,1,all_actors/03-01-06-01-01-02-13.wav
288,4,4.1374603174603175,1,all_actors/03-01-05-01-02-02-12.wav
289,3,3.1365079365079365,1,all_actors/03-01-03-01-02-01-13.wav
290,3,3.9039455782312924,1,all_actors/03-01-05-02-01-01-02.wav
291,3,3.737097505668934,1,all_actors/03-01-08-02-01-01-20.wav
292,4,4.004036281179138,1,all_actors/03-01-05-02-01-02-02.wav
293,4,4.20421768707483,1,all_actors/03-01-05-02-01-02-06.wav
294,3,3.670340136054422,1,all_actors/03-01-04-01-02-02-19.wav
295,3,3.703718820861678,1,all_actors/03-01-05-02-02-01-04.wav
296,3,3.703718820861678,1,all_actors/03-01-08-01-01-01-08.wav
297,3,3.737097505668934,1,all_actors/03-01-06-02-02-01-06.wav
298,3,3.83718820861678,1,all_actors/03-01-02-01-02-01-02.wav
299,3,3.570249433106576,1,all_actors/03-01-04-01-01-01-06.wav
300,3,3.83718820861678,1,all_actors/03-01-05-01-02-02-03.wav
301,4,4.104126984126984,1,all_actors/03-01-08-01-02-01-19.wav
302,3,3.47015873015873,1,all_actors/03-01-03-01-02-01-20.wav
303,3,3.6369614512471657,1,all_actors/03-01-02-02-02-01-20.wav
304,3,3.7704761904761903,1,all_actors/03-01-06-01-02-01-08.wav
305,3,3.83718820861678,1,all_actors/03-01-02-02-01-02-22.wav
306,3,3.803854875283447,1,all_actors/03-01-02-02-01-02-15.wav
307,3,3.3700226757369616,1,all_actors/03-01-06-01-02-01-12.wav
308,3,3.2699773242630386,1,all_actors/03-01-06-02-01-02-13.wav
309,3,3.4034467120181406,1,all_actors/03-01-02-01-01-02-08.wav
310,3,3.2365986394557824,1,all_actors/03-01-01-01-02-02-09.wav
311,3,3.47015873015873,1,all_actors/03-01-06-02-01-02-07.wav
312,3,3.47015873015873,1,all_actors/03-01-01-01-01-01-14.wav
313,4,4.004036281179138,1,all_actors/03-01-05-01-01-01-07.wav
314,3,3.436780045351474,1,all_actors/03-01-06-01-02-01-01.wav
315,3,3.5369160997732427,1,all_actors/03-01-04-01-02-02-03.wav
316,4,4.070748299319728,1,all_actors/03-01-02-01-01-02-23.wav
317,3,3.670340136054422,1,all_actors/03-01-05-02-01-01-13.wav
318,3,3.2032199546485263,1,all_actors/03-01-08-01-02-02-20.wav
319,4,4.004036281179138,1,all_actors/03-01-02-01-01-02-02.wav
320,3,3.603628117913832,1,all_actors/03-01-04-01-02-01-14.wav
321,4,4.50453514739229,1,all_actors/03-01-02-02-01-01-06.wav
322,3,3.3033106575963718,1,all_actors/03-01-01-01-01-01-01.wav
323,3,3.703718820861678,1,all_actors/03-01-08-02-02-01-22.wav
324,3,3.570249433106576,1,all_actors/03-01-05-02-02-01-13.wav
325,3,3.7704761904761903,1,all_actors/03-01-03-02-02-01-18.wav
326,4,4.170839002267574,1,all_actors/03-01-04-02-01-01-21.wav
327,3,3.83718820861678,1,all_actors/03-01-04-01-02-02-24.wav
328,3,3.4034013605442177,1,all_actors/03-01-03-02-02-02-05.wav
329,3,3.570249433106576,1,all_actors/03-01-04-01-01-01-13.wav
330,3,3.2699773242630386,1,all_actors/03-01-03-01-02-01-19.wav
331,3,3.6370068027210882,1,all_actors/03-01-01-01-02-02-12.wav
332,3,3.83718820861678,1,all_actors/03-01-03-02-02-01-08.wav
333,3,3.1364625850340135,1,all_actors/03-01-08-01-02-02-06.wav
334,3,3.703718820861678,1,all_actors/03-01-06-02-01-01-17.wav
335,3,3.5035374149659866,1,all_actors/03-01-07-01-01-01-06.wav
336,4,4.771428571428571,1,all_actors/03-01-07-02-02-02-07.wav
337,3,3.4034467120181406,1,all_actors/03-01-02-01-02-01-14.wav
338,4,4.104126984126984,1,all_actors/03-01-02-02-02-02-07.wav
339,3,3.6369614512471657,1,all_actors/03-01-01-01-01-01-12.wav
340,4,4.404399092970522,1,all_actors/03-01-05-01-02-02-05.wav
341,4,4.004036281179138,1,all_actors/03-01-07-01-02-01-24.wav
342,3,3.3700680272108845,1,all_actors/03-01-08-01-01-02-03.wav
343,3,3.937278911564626,1,all_actors/03-01-03-02-01-02-18.wav
344,3,3.436780045351474,1,all_actors/03-01-08-01-02-02-17.wav
345,3,3.670340136054422,1,all_actors/03-01-05-01-01-02-02.wav
346,3,3.83718820861678,1,all_actors/03-01-06-02-01-02-21.wav
347,3,3.4034013605442177,1,all_actors/03-01-03-01-02-01-07.wav
348,3,3.436780045351474,1,all_actors/03-01-01-01-02-01-15.wav
349,3,3.737097505668934,1,all_actors/03-01-03-02-01-02-14.wav
350,3,3.2699773242630386,1,all_actors/03-01-06-01-02-01-15.wav
351,3,3.603628117913832,1,all_actors/03-01-06-02-02-02-22.wav
352,3,3.570249433106576,1,all_actors/03-01-02-01-01-01-10.wav
353,3,3.6369614512471657,1,all_actors/03-01-07-01-02-01-20.wav
354,3,3.703718820861678,1,all_actors/03-01-04-01-02-02-22.wav
355,3,3.5369160997732427,1,all_actors/03-01-08-01-01-01-12.wav
356,3,3.9039455782312924,1,all_actors/03-01-04-02-02-02-14.wav
357,4,4.471156462585034,1,all_actors/03-01-02-02-01-01-19.wav
358,3,3.2365986394557824,1,all_actors/03-01-06-01-02-02-13.wav
359,3,3.5369160997732427,1,all_actors/03-01-04-01-02-01-07.wav
360,4,4.070748299319728,1,all_actors/03-01-05-01-01-02-03.wav
361,3,3.1364625850340135,1,all_actors/03-01-08-01-01-02-13.wav
362,3,3.5369160997732427,1,all_actors/03-01-03-01-01-02-17.wav
363,3,3.3700680272108845,1,all_actors/03-01-06-01-02-02-07.wav
364,4,4.104126984126984,1,all_actors/03-01-07-02-01-01-03.wav
365,3,3.2699773242630386,1,all_actors/03-01-03-01-01-02-23.wav
366,3,3.937278911564626,1,all_actors/03-01-03-02-02-02-01.wav
367,3,3.7704761904761903,1,all_actors/03-01-02-02-02-02-22.wav
368,3,3.5035374149659866,1,all_actors/03-01-02-01-02-02-18.wav
369,3,3.570249433106576,1,all_actors/03-01-06-02-02-01-19.wav
370,3,3.8705215419501133,1,all_actors/03-01-07-02-02-02-08.wav
371,3,3.803854875283447,1,all_actors/03-01-05-02-02-02-17.wav
372,3,3.8705668934240363,1,all_actors/03-01-02-01-02-01-24.wav
373,3,3.737097505668934,1,all_actors/03-01-05-01-01-02-20.wav
374,3,3.47015873015873,1,all_actors/03-01-03-01-02-01-08.wav
375,3,3.5369160997732427,1,all_actors/03-01-02-01-01-02-17.wav
376,4,4.104126984126984,1,all_actors/03-01-07-02-01-02-03.wav
377,3,3.8705668934240363,1,all_actors/03-01-03-02-02-01-24.wav
378,3,3.4034467120181406,1,all_actors/03-01-04-01-02-01-16.wav
379,3,3.6369614512471657,1,all_actors/03-01-08-02-02-01-10.wav
380,3,3.8705215419501133,1,all_actors/03-01-04-01-02-02-07.wav
381,3,3.47015873015873,1,all_actors/03-01-06-01-02-02-18.wav
382,3,3.1365079365079365,1,all_actors/03-01-08-01-02-01-13.wav
383,3,3.436780045351474,1,all_actors/03-01-01-01-01-02-15.wav
384,3,3.5035374149659866,1,all_actors/03-01-08-02-02-02-10.wav
385,3,3.6370068027210882,1,all_actors/03-01-06-01-01-02-01.wav
386,3,3.6369614512471657,1,all_actors/03-01-06-01-02-02-17.wav
387,3,3.8705215419501133,1,all_actors/03-01-03-02-02-01-11.wav
388,3,3.47015873015873,1,all_actors/03-01-02-01-02-01-08.wav
389,3,3.3033106575963718,1,all_actors/03-01-05-02-02-02-23.wav
390,3,3.970657596371882,1,all_actors/03-01-02-01-02-02-02.wav
391,3,3.1698412698412697,1,all_actors/03-01-03-01-02-01-11.wav
392,3,3.670340136054422,1,all_actors/03-01-07-01-02-02-11.wav
393,3,3.7704308390022674,1,all_actors/03-01-02-01-01-02-12.wav
394,4,4.6046258503401365,1,all_actors/03-01-02-02-02-01-19.wav
395,3,3.670340136054422,1,all_actors/03-01-04-02-01-01-04.wav
396,3,3.5369160997732427,1,all_actors/03-01-08-01-01-01-22.wav
397,3,3.737097505668934,1,all_actors/03-01-05-01-02-02-11.wav
398,3,3.5035374149659866,1,all_actors/03-01-02-01-01-02-24.wav
399,3,3.570249433106576,1,all_actors/03-01-05-01-02-02-08.wav
400,3,3.603628117913832,1,all_actors/03-01-03-01-01-01-24.wav
401,3,3.803809523809524,1,all_actors/03-01-05-01-01-02-05.wav
402,3,3.47015873015873,1,all_actors/03-01-07-02-02-02-15.wav
403,3,3.47015873015873,1,all_actors/03-01-08-01-01-01-07.wav
404,3,3.737097505668934,1,all_actors/03-01-03-01-01-02-12.wav
405,4,4.037369614512472,1,all_actors/03-01-07-02-01-02-21.wav
406,3,3.703718820861678,1,all_actors/03-01-02-01-02-02-24.wav
407,4,4.404399092970522,1,all_actors/03-01-03-02-02-01-19.wav
408,4,4.070793650793651,1,all_actors/03-01-05-02-02-02-16.wav
409,3,3.5369160997732427,1,all_actors/03-01-04-01-02-02-14.wav
410,3,3.737097505668934,1,all_actors/03-01-05-02-01-02-15.wav
411,4,4.337687074829932,1,all_actors/03-01-07-01-01-01-05.wav
412,3,3.2365986394557824,1,all_actors/03-01-06-02-02-02-09.wav
413,3,3.603628117913832,1,all_actors/03-01-02-02-01-02-18.wav
414,3,3.603628117913832,1,all_actors/03-01-04-02-01-02-11.wav
415,3,3.737097505668934,1,all_actors/03-01-08-02-01-01-02.wav
416,3,3.2699773242630386,1,all_actors/03-01-08-02-02-02-19.wav
417,3,3.2032199546485263,1,all_actors/03-01-08-01-02-01-14.wav
418,3,3.5035374149659866,1,all_actors/03-01-03-01-02-01-24.wav
419,4,4.037414965986395,1,all_actors/03-01-02-01-01-01-21.wav
420,4,4.404399092970522,1,all_actors/03-01-07-02-01-02-07.wav
421,3,3.970657596371882,1,all_actors/03-01-03-02-02-02-10.wav
422,3,3.47015873015873,1,all_actors/03-01-02-01-02-02-01.wav
423,3,3.670340136054422,1,all_actors/03-01-07-01-02-01-15.wav
424,4,4.337687074829932,1,all_actors/03-01-05-02-02-02-07.wav
425,3,3.570294784580499,1,all_actors/03-01-06-01-01-01-22.wav
426,3,3.0363718820861676,1,all_actors/03-01-02-02-02-02-13.wav
427,3,3.737097505668934,1,all_actors/03-01-07-02-02-02-11.wav
428,3,3.47015873015873,1,all_actors/03-01-06-02-02-01-12.wav
429,4,4.3710657596371885,1,all_actors/03-01-07-02-02-02-01.wav
430,4,4.13750566893424,1,all_actors/03-01-05-01-01-01-21.wav
431,3,3.970657596371882,1,all_actors/03-01-02-02-01-02-03.wav
432,3,3.803809523809524,1,all_actors/03-01-07-01-01-01-21.wav
433,3,3.6369614512471657,1,all_actors/03-01-04-01-01-02-16.wav
434,3,3.83718820861678,1,all_actors/03-01-04-02-02-02-22.wav
435,3,3.436780045351474,1,all_actors/03-01-06-01-02-01-07.wav
436,3,3.83718820861678,1,all_actors/03-01-05-02-02-02-12.wav
437,4,4.537913832199546,1,all_actors/03-01-07-02-01-02-10.wav
438,3,3.670340136054422,1,all_actors/03-01-08-02-02-01-05.wav
439,3,3.53687074829932,1,all_actors/03-01-05-01-01-02-13.wav
440,3,3.8705668934240363,1,all_actors/03-01-08-02-02-01-18.wav
441,3,3.3033106575963718,1,all_actors/03-01-01-01-02-02-19.wav
442,3,3.336689342403628,1,all_actors/03-01-08-02-02-01-13.wav
443,3,3.7704308390022674,1,all_actors/03-01-01-01-02-01-02.wav
444,3,3.069750566893424,1,all_actors/03-01-06-01-02-02-05.wav
445,3,3.970657596371882,1,all_actors/03-01-05-02-01-01-08.wav
446,3,3.5035374149659866,1,all_actors/03-01-06-01-02-02-06.wav
447,3,3.737097505668934,1,all_actors/03-01-02-01-02-01-15.wav
448,3,3.5035374149659866,1,all_actors/03-01-02-01-02-01-01.wav
449,3,3.0364172335600905,1,all_actors/03-01-08-01-02-02-13.wav
450,3,3.970657596371882,1,all_actors/03-01-06-02-02-01-01.wav
451,3,3.53687074829932,1,all_actors/03-01-03-01-02-01-01.wav
452,3,3.5035374149659866,1,all_actors/03-01-08-02-02-01-03.wav
453,3,3.970657596371882,1,all_actors/03-01-07-02-02-02-06.wav
454,3,3.47015873015873,1,all_actors/03-01-08-01-02-01-21.wav
455,3,3.1031292517006803,1,all_actors/03-01-03-01-01-01-11.wav
456,3,3.937278911564626,1,all_actors/03-01-07-02-02-02-03.wav
457,3,3.737097505668934,1,all_actors/03-01-05-01-02-01-12.wav
458,3,3.53687074829932,1,all_actors/03-01-01-01-02-02-22.wav
459,3,3.47015873015873,1,all_actors/03-01-07-01-02-01-11.wav
460,3,3.603628117913832,1,all_actors/03-01-04-01-01-01-23.wav
461,3,3.3033560090702947,1,all_actors/03-01-06-01-01-02-10.wav
462,3,3.1698412698412697,1,all_actors/03-01-07-01-01-02-13.wav
463,3,3.5035374149659866,1,all_actors/03-01-08-01-01-01-21.wav
464,3,3.83718820861678,1,all_actors/03-01-03-02-02-02-18.wav
465,3,3.1365079365079365,1,all_actors/03-01-04-02-02-02-05.wav
466,3,3.2699773242630386,1,all_actors/03-01-04-01-01-01-05.wav
467,3,3.3033106575963718,1,all_actors/03-01-03-01-02-01-09.wav
468,3,3.703718820861678,1,all_actors/03-01-04-02-02-02-08.wav
469,4,4.037414965986395,1,all_actors/03-01-03-02-02-01-07.wav
470,4,4.104126984126984,1,all_actors/03-01-05-01-02-01-10.wav
471,4,4.571292517006802,1,all_actors/03-01-04-02-01-02-24.wav
472,3,3.336689342403628,1,all_actors/03-01-01-01-02-01-19.wav
473,3,3.803809523809524,1,all_actors/03-01-03-02-01-02-19.wav
474,3,3.6369614512471657,1,all_actors/03-01-06-01-02-01-16.wav
475,3,3.737097505668934,1,all_actors/03-01-02-01-02-01-17.wav
476,3,3.3033106575963718,1,all_actors/03-01-08-02-02-02-23.wav
477,3,3.3033560090702947,1,all_actors/03-01-06-02-02-01-03.wav
478,3,3.47015873015873,1,all_actors/03-01-01-01-02-02-03.wav
479,3,3.803854875283447,1,all_actors/03-01-01-01-01-02-07.wav
480,3,3.7704761904761903,1,all_actors/03-01-03-01-02-01-02.wav
481,3,3.603628117913832,1,all_actors/03-01-04-01-02-02-17.wav
482,2,2.9696598639455782,1,all_actors/03-01-08-01-02-02-11.wav
483,3,3.603628117913832,1,all_actors/03-01-03-01-01-02-03.wav
484,3,3.803809523809524,1,all_actors/03-01-06-02-01-01-02.wav
485,3,3.6369614512471657,1,all_actors/03-01-08-02-01-01-21.wav
486,3,3.603628117913832,1,all_actors/03-01-03-02-01-02-13.wav
487,4,4.004036281179138,1,all_actors/03-01-02-02-01-01-07.wav
488,3,3.603628117913832,1,all_actors/03-01-02-02-02-01-18.wav
489,3,3.2365986394557824,1,all_actors/03-01-08-02-01-01-06.wav
490,4,4.304353741496598,1,all_actors/03-01-07-01-01-01-19.wav
491,3,3.6369614512471657,1,all_actors/03-01-01-01-01-02-24.wav
492,3,3.3033560090702947,1,all_actors/03-01-05-01-01-02-23.wav
493,3,3.703718820861678,1,all_actors/03-01-05-01-01-01-08.wav
494,3,3.1698412698412697,1,all_actors/03-01-06-01-01-02-09.wav
495,3,3.436780045351474,1,all_actors/03-01-06-01-01-01-23.wav
496,3,3.47015873015873,1,all_actors/03-01-01-01-02-02-17.wav
497,3,3.2699773242630386,1,all_actors/03-01-01-01-02-01-04.wav
498,3,3.83718820861678,1,all_actors/03-01-04-02-01-02-03.wav
499,3,3.603628117913832,1,all_actors/03-01-04-01-01-02-11.wav
500,3,3.5369160997732427,1,all_actors/03-01-04-01-02-01-10.wav
501,3,3.5035374149659866,1,all_actors/03-01-04-01-02-01-01.wav
502,3,3.1364625850340135,1,all_actors/03-01-02-01-02-01-13.wav
503,3,3.670340136054422,1,all_actors/03-01-06-02-02-02-12.wav
504,3,3.3033560090702947,1,all_actors/03-01-05-01-01-01-23.wav
505,3,3.3700680272108845,1,all_actors/03-01-01-01-01-01-15.wav
506,3,3.7704308390022674,1,all_actors/03-01-05-01-02-01-02.wav
507,3,3.3700680272108845,1,all_actors/03-01-01-01-01-02-04.wav
508,3,3.703718820861678,1,all_actors/03-01-02-01-01-01-16.wav
509,3,3.47015873015873,1,all_actors/03-01-06-01-02-01-04.wav
510,4,4.3710657596371885,1,all_actors/03-01-07-01-02-02-18.wav
511,3,3.703718820861678,1,all_actors/03-01-05-01-01-02-17.wav
512,3,3.703718820861678,1,all_actors/03-01-03-01-01-01-14.wav
513,3,3.3700226757369616,1,all_actors/03-01-06-02-01-01-14.wav
514,4,4.304353741496598,1,all_actors/03-01-07-02-01-01-06.wav
515,3,3.53687074829932,1,all_actors/03-01-08-02-02-02-17.wav
516,3,3.47015873015873,1,all_actors/03-01-04-01-02-01-06.wav
517,3,3.1364625850340135,1,all_actors/03-01-06-01-02-02-09.wav
518,3,3.47015873015873,1,all_actors/03-01-08-01-01-02-21.wav
519,3,3.9039002267573695,1,all_actors/03-01-05-01-02-01-16.wav
520,4,4.6046258503401365,1,all_actors/03-01-04-02-02-01-06.wav
521,3,3.603628117913832,1,all_actors/03-01-07-01-01-02-11.wav
522,3,3.703718820861678,1,all_actors/03-01-02-01-02-02-10.wav
523,4,4.170839002267574,1,all_actors/03-01-05-02-01-01-10.wav
524,3,3.5035374149659866,1,all_actors/03-01-08-01-01-02-18.wav
525,3,3.5035374149659866,1,all_actors/03-01-02-01-02-01-07.wav
526,3,3.737097505668934,1,all_actors/03-01-07-01-01-01-12.wav
527,4,4.6046258503401365,1,all_actors/03-01-02-02-01-01-23.wav
528,3,3.570249433106576,1,all_actors/03-01-08-02-01-02-04.wav
529,3,3.4034467120181406,1,all_actors/03-01-06-01-01-01-12.wav
530,3,3.570249433106576,1,all_actors/03-01-02-01-02-01-22.wav
531,3,3.5035374149659866,1,all_actors/03-01-06-01-01-02-19.wav
532,3,3.970657596371882,1,all_actors/03-01-04-02-02-02-20.wav
533,3,3.83718820861678,1,all_actors/03-01-04-01-01-01-02.wav
534,3,3.2032199546485263,1,all_actors/03-01-06-01-02-02-11.wav
535,3,3.2032199546485263,1,all_actors/03-01-06-02-01-02-11.wav
536,3,3.53687074829932,1,all_actors/03-01-02-01-01-01-01.wav
537,4,4.104126984126984,1,all_actors/03-01-05-02-01-01-06.wav
538,3,3.703718820861678,1,all_actors/03-01-03-01-01-01-16.wav
539,3,3.4034013605442177,1,all_actors/03-01-06-02-01-02-14.wav
540,3,3.9039002267573695,1,all_actors/03-01-05-01-02-02-06.wav
541,3,3.47015873015873,1,all_actors/03-01-02-01-02-01-09.wav
542,4,4.638004535147393,1,all_actors/03-01-08-02-01-02-19.wav
543,3,3.2032199546485263,1,all_actors/03-01-01-01-01-02-13.wav
544,3,3.83718820861678,1,all_actors/03-01-04-02-02-02-07.wav
545,3,3.83718820861678,1,all_actors/03-01-08-02-01-01-08.wav
546,3,3.970657596371882,1,all_actors/03-01-07-01-01-02-03.wav
547,4,4.037369614512472,1,all_actors/03-01-06-02-02-02-19.wav
548,3,3.069750566893424,1,all_actors/03-01-08-01-02-01-05.wav
549,4,4.037414965986395,1,all_actors/03-01-02-02-02-01-24.wav
550,3,3.53687074829932,1,all_actors/03-01-08-01-01-01-02.wav
551,4,4.304353741496598,1,all_actors/03-01-03-02-01-01-03.wav
552,3,3.7704761904761903,1,all_actors/03-01-05-01-01-01-19.wav
553,3,3.2032199546485263,1,all_actors/03-01-08-01-02-01-03.wav
554,3,3.6369614512471657,1,all_actors/03-01-02-02-01-01-08.wav
555,3,3.8705215419501133,1,all_actors/03-01-03-02-02-02-02.wav
556,3,3.5369160997732427,1,all_actors/03-01-08-02-01-01-17.wav
557,4,4.104126984126984,1,all_actors/03-01-02-02-02-02-02.wav
558,3,3.3700680272108845,1,all_actors/03-01-04-01-02-02-01.wav
559,3,3.47015873015873,1,all_actors/03-01-05-01-01-02-11.wav
560,3,3.737097505668934,1,all_actors/03-01-01-01-01-01-16.wav
561,3,3.603628117913832,1,all_actors/03-01-03-01-01-01-02.wav
562,3,3.6369614512471657,1,all_actors/03-01-06-02-02-02-21.wav
563,4,4.070748299319728,1,all_actors/03-01-07-02-01-01-21.wav
564,4,4.104126984126984,1,all_actors/03-01-03-02-01-02-17.wav
565,3,3.937278911564626,1,all_actors/03-01-04-02-02-01-23.wav
566,3,3.603628117913832,1,all_actors/03-01-04-02-02-01-17.wav
567,3,3.2365986394557824,1,all_actors/03-01-08-01-01-01-03.wav
568,4,4.237596371882086,1,all_actors/03-01-05-02-02-01-22.wav
569,3,3.6369614512471657,1,all_actors/03-01-08-01-01-02-12.wav
570,3,3.570249433106576,1,all_actors/03-01-02-01-01-02-14.wav
571,3,3.5035374149659866,1,all_actors/03-01-06-01-01-02-07.wav
572,3,3.5035374149659866,1,all_actors/03-01-08-01-02-02-18.wav
573,3,3.53687074829932,1,all_actors/03-01-03-01-01-02-09.wav
574,3,3.570249433106576,1,all_actors/03-01-04-01-02-01-03.wav
575,3,3.47015873015873,1,all_actors/03-01-03-01-02-01-06.wav
576,3,3.737097505668934,1,all_actors/03-01-05-01-02-02-01.wav
577,3,3.570294784580499,1,all_actors/03-01-06-02-02-01-23.wav
578,4,4.738095238095238,1,all_actors/03-01-04-02-02-02-23.wav
579,3,3.5369160997732427,1,all_actors/03-01-05-02-01-01-15.wav
580,3,3.803809523809524,1,all_actors/03-01-06-02-02-02-18.wav
581,4,4.104126984126984,1,all_actors/03-01-05-02-02-01-21.wav
582,3,3.570249433106576,1,all_actors/03-01-08-02-02-02-16.wav
583,3,3.3033106575963718,1,all_actors/03-01-01-01-01-01-04.wav
584,3,3.737097505668934,1,all_actors/03-01-04-02-02-01-22.wav
585,5,5.105124716553288,1,all_actors/03-01-05-02-02-02-24.wav
586,4,4.304308390022676,1,all_actors/03-01-02-02-02-02-05.wav
587,4,4.270975056689342,1,all_actors/03-01-07-01-01-02-06.wav
588,3,3.9039002267573695,1,all_actors/03-01-07-01-01-02-01.wav
589,3,3.3700680272108845,1,all_actors/03-01-04-02-02-01-11.wav
590,3,3.6369614512471657,1,all_actors/03-01-03-01-01-01-19.wav
591,3,3.5369160997732427,1,all_actors/03-01-06-01-02-02-19.wav
592,3,3.970657596371882,1,all_actors/03-01-02-02-02-02-21.wav
593,4,4.004036281179138,1,all_actors/03-01-05-01-01-01-03.wav
594,3,3.6369614512471657,1,all_actors/03-01-03-02-01-02-01.wav
595,3,3.737097505668934,1,all_actors/03-01-03-02-02-01-10.wav
596,3,3.937278911564626,1,all_actors/03-01-02-02-02-01-15.wav
597,3,3.803854875283447,1,all_actors/03-01-02-02-02-01-16.wav
598,3,3.570249433106576,1,all_actors/03-01-04-01-01-01-16.wav
599,3,3.6369614512471657,1,all_actors/03-01-05-02-02-01-05.wav
600,3,3.603628117913832,1,all_actors/03-01-06-02-02-01-04.wav
601,3,3.436780045351474,1,all_actors/03-01-08-01-02-01-07.wav
602,4,4.104126984126984,1,all_actors/03-01-03-02-01-01-07.wav
603,3,3.47015873015873,1,all_actors/03-01-03-01-01-02-01.wav
604,3,3.83718820861678,1,all_actors/03-01-03-02-01-02-22.wav
605,3,3.4034013605442177,1,all_actors/03-01-06-02-01-02-04.wav
606,3,3.703718820861678,1,all_actors/03-01-01-01-01-01-24.wav
607,3,3.2032199546485263,1,all_actors/03-01-01-01-02-01-11.wav
608,3,3.47015873015873,1,all_actors/03-01-02-01-02-02-19.wav
609,3,3.703718820861678,1,all_actors/03-01-04-02-02-02-03.wav
610,3,3.570249433106576,1,all_actors/03-01-07-02-02-01-09.wav
611,3,3.737097505668934,1,all_actors/03-01-04-02-02-01-01.wav
612,3,3.8705668934240363,1,all_actors/03-01-02-02-01-02-07.wav
613,3,3.670340136054422,1,all_actors/03-01-04-02-02-01-14.wav
614,3,3.970657596371882,1,all_actors/03-01-04-01-01-02-24.wav
615,3,3.937278911564626,1,all_actors/03-01-06-02-01-01-04.wav
616,3,3.970657596371882,1,all_actors/03-01-08-02-01-02-24.wav
617,3,3.9039455782312924,1,all_actors/03-01-03-02-02-01-12.wav
618,3,3.2032199546485263,1,all_actors/03-01-06-02-01-01-11.wav
619,3,3.670340136054422,1,all_actors/03-01-04-02-01-01-17.wav
620,3,3.570249433106576,1,all_actors/03-01-01-01-02-02-16.wav
621,4,4.070748299319728,1,all_actors/03-01-06-01-01-02-24.wav
622,3,3.603628117913832,1,all_actors/03-01-01-01-01-02-02.wav
623,3,3.47015873015873,1,all_actors/03-01-01-01-01-01-18.wav
624,4,4.004036281179138,1,all_actors/03-01-05-02-02-01-02.wav
625,3,3.6370068027210882,1,all_actors/03-01-02-02-02-02-20.wav
626,3,3.9039455782312924,1,all_actors/03-01-05-01-02-02-14.wav
627,3,3.4034013605442177,1,all_actors/03-01-03-01-02-02-20.wav
628,3,3.53687074829932,1,all_actors/03-01-03-01-01-02-04.wav
629,3,3.6370068027210882,1,all_actors/03-01-07-01-01-02-02.wav
630,4,4.404399092970522,1,all_actors/03-01-03-02-01-02-03.wav
631,3,3.6369614512471657,1,all_actors/03-01-08-01-02-01-04.wav
632,4,4.004036281179138,1,all_actors/03-01-03-01-01-01-05.wav
633,3,3.803854875283447,1,all_actors/03-01-05-02-02-01-12.wav
634,3,3.570249433106576,1,all_actors/03-01-07-01-02-01-17.wav
635,3,3.570249433106576,1,all_actors/03-01-03-02-02-01-06.wav
636,3,3.83718820861678,1,all_actors/03-01-02-01-01-01-02.wav
637,3,3.670340136054422,1,all_actors/03-01-03-02-02-01-21.wav
638,4,4.1374603174603175,1,all_actors/03-01-07-02-02-01-16.wav
639,4,4.437777777777778,1,all_actors/03-01-07-02-02-02-24.wav
640,4,4.20421768707483,1,all_actors/03-01-04-02-02-01-24.wav
641,3,3.83718820861678,1,all_actors/03-01-07-01-02-02-08.wav
642,3,3.5035374149659866,1,all_actors/03-01-03-01-02-01-12.wav
643,4,4.904897959183674,1,all_actors/03-01-07-02-02-01-19.wav
644,3,3.937278911564626,1,all_actors/03-01-03-02-02-02-22.wav
645,3,3.5369160997732427,1,all_actors/03-01-01-01-01-01-10.wav
646,3,3.436780045351474,1,all_actors/03-01-01-01-02-02-06.wav
647,3,3.603628117913832,1,all_actors/03-01-04-01-01-02-12.wav
648,3,3.5035374149659866,1,all_actors/03-01-08-02-01-01-10.wav
649,3,3.6369614512471657,1,all_actors/03-01-08-02-02-02-24.wav
650,3,3.970657596371882,1,all_actors/03-01-05-01-01-02-07.wav
651,4,4.237596371882086,1,all_actors/03-01-07-02-01-01-22.wav
652,3,3.4034013605442177,1,all_actors/03-01-03-01-01-01-15.wav
653,3,3.603628117913832,1,all_actors/03-01-05-02-01-01-07.wav
654,3,3.8705668934240363,1,all_actors/03-01-05-01-01-01-01.wav
655,3,3.603628117913832,1,all_actors/03-01-01-01-01-02-06.wav
656,3,3.336689342403628,1,all_actors/03-01-02-01-01-02-09.wav
657,3,3.47015873015873,1,all_actors/03-01-04-01-02-01-20.wav
658,3,3.5035374149659866,1,all_actors/03-01-03-01-02-02-22.wav
659,3,3.83718820861678,1,all_actors/03-01-03-02-02-02-07.wav
660,3,3.436780045351474,1,all_actors/03-01-04-02-02-02-15.wav
661,3,3.4034467120181406,1,all_actors/03-01-08-01-01-02-10.wav
662,3,3.336689342403628,1,all_actors/03-01-06-02-01-01-15.wav
663,3,3.703718820861678,1,all_actors/03-01-05-01-01-01-04.wav
664,4,4.20421768707483,1,all_actors/03-01-02-02-02-01-01.wav
665,3,3.8705668934240363,1,all_actors/03-01-04-02-02-01-16.wav
666,3,3.3033560090702947,1,all_actors/03-01-08-01-02-02-23.wav
667,3,3.7704761904761903,1,all_actors/03-01-08-01-02-01-08.wav
668,3,3.737097505668934,1,all_actors/03-01-01-01-02-01-10.wav
669,3,3.5369160997732427,1,all_actors/03-01-08-01-01-01-16.wav
670,4,4.170839002267574,1,all_actors/03-01-02-02-01-02-21.wav
671,3,3.937278911564626,1,all_actors/03-01-07-02-01-02-06.wav
672,3,3.603628117913832,1,all_actors/03-01-07-01-02-01-03.wav
673,4,4.037414965986395,1,all_actors/03-01-07-02-02-02-02.wav
674,3,3.703718820861678,1,all_actors/03-01-08-02-01-02-14.wav
675,3,3.803854875283447,1,all_actors/03-01-02-02-01-02-04.wav
676,3,3.603628117913832,1,all_actors/03-01-01-01-02-01-16.wav
677,3,3.2365986394557824,1,all_actors/03-01-07-01-02-02-13.wav
678,3,3.436780045351474,1,all_actors/03-01-08-01-02-02-09.wav
679,3,3.5369160997732427,1,all_actors/03-01-08-02-01-01-16.wav
680,3,3.83718820861678,1,all_actors/03-01-07-02-02-01-03.wav
681,3,3.5369160997732427,1,all_actors/03-01-05-02-01-01-11.wav
682,3,3.6370068027210882,1,all_actors/03-01-04-02-02-01-07.wav
683,3,3.570249433106576,1,all_actors/03-01-06-01-02-02-16.wav
684,3,3.6369614512471657,1,all_actors/03-01-08-02-02-02-22.wav
685,3,3.570294784580499,1,all_actors/03-01-06-01-02-01-06.wav
686,3,3.3033560090702947,1,all_actors/03-01-06-02-01-01-03.wav
687,3,3.970657596371882,1,all_actors/03-01-06-02-01-01-08.wav
688,3,3.737097505668934,1,all_actors/03-01-04-02-01-01-16.wav
689,3,3.703718820861678,1,all_actors/03-01-07-01-02-02-12.wav
690,3,3.603628117913832,1,all_actors/03-01-06-02-02-02-02.wav
691,3,3.737097505668934,1,all_actors/03-01-06-02-01-01-18.wav
692,3,3.703718820861678,1,all_actors/03-01-04-01-01-02-22.wav
693,4,4.304308390022676,1,all_actors/03-01-07-02-01-01-01.wav
694,3,3.703718820861678,1,all_actors/03-01-07-01-01-02-17.wav
695,3,3.3700680272108845,1,all_actors/03-01-03-02-02-02-15.wav
696,3,3.6369614512471657,1,all_actors/03-01-08-01-01-02-17.wav
697,4,4.237596371882086,1,all_actors/03-01-05-02-02-02-18.wav
698,4,4.20421768707483,1,all_actors/03-01-07-02-02-01-12.wav
699,3,3.5035374149659866,1,all_actors/03-01-03-01-02-02-18.wav
700,3,3.1698412698412697,1,all_actors/03-01-01-01-02-02-11.wav
701,4,4.037414965986395,1,all_actors/03-01-02-02-02-02-04.wav
702,3,3.6369614512471657,1,all_actors/03-01-04-01-01-02-05.wav
703,3,3.5035374149659866,1,all_actors/03-01-06-01-02-01-03.wav
704,3,3.703718820861678,1,all_actors/03-01-06-02-01-02-10.wav
705,3,3.5369160997732427,1,all_actors/03-01-04-01-02-01-24.wav
706,3,3.670340136054422,1,all_actors/03-01-06-01-01-02-08.wav
707,4,4.104126984126984,1,all_actors/03-01-07-02-02-02-22.wav
708,3,3.803809523809524,1,all_actors/03-01-02-02-02-01-09.wav
709,3,3.8705668934240363,1,all_actors/03-01-03-02-02-02-24.wav
710,3,3.5369160997732427,1,all_actors/03-01-03-01-01-01-20.wav
711,3,3.937278911564626,1,all_actors/03-01-06-01-02-01-20.wav
712,4,4.5712471655328795,1,all_actors/03-01-07-02-02-02-18.wav
713,3,3.570294784580499,1,all_actors/03-01-08-01-01-02-14.wav
714,4,4.070793650793651,1,all_actors/03-01-07-01-01-02-21.wav
715,3,3.436780045351474,1,all_actors/03-01-03-01-02-02-08.wav
716,3,3.970657596371882,1,all_actors/03-01-02-01-01-01-23.wav
717,3,3.737097505668934,1,all_actors/03-01-02-02-01-02-10.wav
718,3,3.436780045351474,1,all_actors/03-01-02-02-01-02-09.wav
719,3,3.436780045351474,1,all_actors/03-01-06-02-01-02-23.wav
720,3,3.5035374149659866,1,all_actors/03-01-03-02-01-02-10.wav
721,3,3.670340136054422,1,all_actors/03-01-04-01-01-01-12.wav
722,3,3.737097505668934,1,all_actors/03-01-08-01-01-01-19.wav
723,3,3.5035374149659866,1,all_actors/03-01-03-01-02-02-03.wav
724,3,3.570249433106576,1,all_actors/03-01-07-01-02-02-16.wav
725,3,3.5369160997732427,1,all_actors/03-01-08-02-02-02-05.wav
726,4,4.170839002267574,1,all_actors/03-01-07-02-01-02-22.wav
727,3,3.1365079365079365,1,all_actors/03-01-06-01-01-01-05.wav
728,3,3.670340136054422,1,all_actors/03-01-04-01-01-02-19.wav
729,4,4.3710657596371885,1,all_actors/03-01-05-02-01-02-01.wav
730,3,3.6370068027210882,1,all_actors/03-01-01-01-01-01-22.wav
731,3,3.2032199546485263,1,all_actors/03-01-08-01-02-01-06.wav
732,3,3.1031292517006803,1,all_actors/03-01-06-01-02-02-23.wav
733,3,3.3700680272108845,1,all_actors/03-01-04-01-02-02-13.wav
734,3,3.9039002267573695,1,all_actors/03-01-05-01-01-01-18.wav
735,3,3.3700226757369616,1,all_actors/03-01-06-02-02-01-15.wav
736,3,3.83718820861678,1,all_actors/03-01-01-01-01-02-10.wav
737,3,3.970657596371882,1,all_actors/03-01-05-01-01-01-16.wav
738,3,3.47015873015873,1,all_actors/03-01-04-02-02-01-03.wav
739,4,4.771473922902494,1,all_actors/03-01-02-02-02-01-05.wav
740,4,4.537868480725623,1,all_actors/03-01-07-02-01-02-12.wav
741,3,3.670340136054422,1,all_actors/03-01-02-01-02-02-12.wav
742,3,3.069750566893424,1,all_actors/03-01-08-02-01-01-11.wav
743,4,4.004036281179138,1,all_actors/03-01-02-02-02-02-01.wav
744,3,3.803809523809524,1,all_actors/03-01-04-02-01-01-01.wav
745,3,3.737097505668934,1,all_actors/03-01-05-01-01-02-24.wav
746,3,3.603628117913832,1,all_actors/03-01-08-01-02-02-22.wav
747,4,4.437777777777778,1,all_actors/03-01-05-02-02-01-06.wav
748,3,3.703718820861678,1,all_actors/03-01-03-02-02-01-02.wav
749,3,3.970657596371882,1,all_actors/03-01-02-01-02-02-03.wav
750,4,4.404444444444445,1,all_actors/03-01-05-02-02-02-14.wav
751,3,3.703718820861678,1,all_actors/03-01-05-01-01-01-22.wav
752,3,3.069750566893424,1,all_actors/03-01-08-01-02-02-19.wav
753,3,3.970657596371882,1,all_actors/03-01-05-02-01-01-16.wav
754,3,3.6370068027210882,1,all_actors/03-01-08-02-01-02-21.wav
755,3,3.0030385487528344,1,all_actors/03-01-02-02-02-01-13.wav
756,3,3.6370068027210882,1,all_actors/03-01-01-01-01-02-08.wav
757,3,3.570249433106576,1,all_actors/03-01-06-02-01-01-23.wav
758,4,4.270975056689342,1,all_actors/03-01-07-01-02-02-10.wav
759,3,3.53687074829932,1,all_actors/03-01-07-01-02-02-07.wav
760,3,3.570249433106576,1,all_actors/03-01-02-01-01-02-15.wav
761,3,3.8705668934240363,1,all_actors/03-01-02-02-01-01-20.wav
762,3,3.8705668934240363,1,all_actors/03-01-02-02-01-01-17.wav
763,3,3.83718820861678,1,all_actors/03-01-03-01-02-02-21.wav
764,3,3.737097505668934,1,all_actors/03-01-02-02-02-01-14.wav
765,3,3.737097505668934,1,all_actors/03-01-05-01-02-01-14.wav
766,3,3.603628117913832,1,all_actors/03-01-08-02-01-02-03.wav
767,3,3.670340136054422,1,all_actors/03-01-06-02-02-01-22.wav
768,3,3.8705215419501133,1,all_actors/03-01-07-01-01-01-20.wav
769,3,3.83718820861678,1,all_actors/03-01-07-01-01-01-17.wav
770,4,4.3710657596371885,1,all_actors/03-01-06-02-01-02-19.wav
771,3,3.3033106575963718,1,all_actors/03-01-08-02-01-02-15.wav
772,3,3.5369160997732427,1,all_actors/03-01-08-01-02-02-08.wav
773,3,3.8705215419501133,1,all_actors/03-01-07-02-01-02-23.wav
774,4,4.337687074829932,1,all_actors/03-01-02-02-02-01-06.wav
775,3,3.670340136054422,1,all_actors/03-01-06-01-01-01-01.wav
776,3,3.2699319727891156,1,all_actors/03-01-04-02-01-01-15.wav
777,3,3.2365986394557824,1,all_actors/03-01-03-01-01-01-13.wav
778,3,3.703718820861678,1,all_actors/03-01-08-01-02-01-15.wav
779,4,4.471156462585034,1,all_actors/03-01-07-02-02-01-17.wav
780,4,4.304308390022676,1,all_actors/03-01-02-02-02-02-19.wav
781,3,3.737097505668934,1,all_actors/03-01-07-01-01-02-16.wav
782,3,3.570249433106576,1,all_actors/03-01-06-02-01-02-22.wav
783,3,3.5035374149659866,1,all_actors/03-01-08-02-01-01-23.wav
784,3,3.3700226757369616,1,all_actors/03-01-06-01-02-02-14.wav
785,3,3.83718820861678,1,all_actors/03-01-02-02-02-02-11.wav
786,3,3.970657596371882,1,all_actors/03-01-02-01-02-01-06.wav
787,3,3.4034013605442177,1,all_actors/03-01-04-01-01-02-04.wav
788,3,3.83718820861678,1,all_actors/03-01-07-01-02-02-01.wav
789,3,3.5369160997732427,1,all_actors/03-01-06-01-02-02-22.wav
790,3,3.737097505668934,1,all_actors/03-01-07-01-02-01-14.wav
791,3,3.5035374149659866,1,all_actors/03-01-01-01-02-01-03.wav
792,3,3.7704761904761903,1,all_actors/03-01-07-01-02-02-14.wav
793,3,3.570249433106576,1,all_actors/03-01-01-01-02-02-14.wav
794,3,3.336689342403628,1,all_actors/03-01-04-01-01-01-11.wav
795,3,3.603628117913832,1,all_actors/03-01-07-02-02-02-09.wav
796,3,3.53687074829932,1,all_actors/03-01-06-01-02-01-10.wav
797,3,3.737097505668934,1,all_actors/03-01-07-02-02-01-11.wav
798,3,3.7704761904761903,1,all_actors/03-01-03-02-01-01-18.wav
799,3,3.5035374149659866,1,all_actors/03-01-08-02-02-01-01.wav
800,3,3.6369614512471657,1,all_actors/03-01-05-02-02-02-08.wav
801,3,3.803809523809524,1,all_actors/03-01-05-02-02-01-16.wav
802,3,3.436780045351474,1,all_actors/03-01-04-01-02-02-11.wav
803,3,3.436780045351474,1,all_actors/03-01-04-01-02-01-04.wav
804,3,3.2365986394557824,1,all_actors/03-01-08-01-01-01-20.wav
805,3,3.8705215419501133,1,all_actors/03-01-06-02-02-01-08.wav
806,4,4.13750566893424,1,all_actors/03-01-08-02-01-01-05.wav
807,3,3.7704761904761903,1,all_actors/03-01-04-01-01-02-02.wav
808,3,3.83718820861678,1,all_actors/03-01-06-02-02-02-24.wav
809,3,3.336689342403628,1,all_actors/03-01-02-01-01-02-11.wav
810,3,3.937278911564626,1,all_actors/03-01-06-01-02-01-24.wav
811,3,3.970657596371882,1,all_actors/03-01-05-02-02-02-09.wav
812,3,3.2699773242630386,1,all_actors/03-01-04-02-01-02-05.wav
813,3,3.970657596371882,1,all_actors/03-01-05-02-01-02-11.wav
814,3,3.703718820861678,1,all_actors/03-01-06-01-01-01-19.wav
815,3,3.703718820861678,1,all_actors/03-01-08-02-01-01-12.wav
816,3,3.737097505668934,1,all_actors/03-01-08-02-02-01-12.wav
817,3,3.336689342403628,1,all_actors/03-01-01-01-01-02-01.wav
818,4,4.5712471655328795,1,all_actors/03-01-02-02-02-02-23.wav
819,3,3.2699773242630386,1,all_actors/03-01-08-02-01-02-09.wav
820,3,3.570249433106576,1,all_actors/03-01-08-02-01-01-22.wav
821,3,3.336689342403628,1,all_actors/03-01-03-01-02-01-15.wav
822,3,3.2032199546485263,1,all_actors/03-01-08-02-02-01-15.wav
823,3,3.670340136054422,1,all_actors/03-01-04-02-01-02-14.wav
824,3,3.7704761904761903,1,all_actors/03-01-04-01-02-02-02.wav
825,3,3.937278911564626,1,all_actors/03-01-04-02-01-01-07.wav
826,3,3.5369160997732427,1,all_actors/03-01-06-02-02-02-23.wav
827,3,3.5035374149659866,1,all_actors/03-01-03-01-01-01-10.wav
828,3,3.2365986394557824,1,all_actors/03-01-06-02-02-01-09.wav
829,3,3.570249433106576,1,all_actors/03-01-08-02-01-02-01.wav
830,3,3.47015873015873,1,all_actors/03-01-05-01-02-01-04.wav
831,3,3.5035374149659866,1,all_actors/03-01-03-02-02-02-11.wav
832,3,3.47015873015873,1,all_actors/03-01-05-01-01-01-17.wav
833,3,3.4034013605442177,1,all_actors/03-01-03-01-02-01-14.wav
834,3,3.603628117913832,1,all_actors/03-01-05-02-02-02-15.wav
835,3,3.7704761904761903,1,all_actors/03-01-04-02-01-02-12.wav
836,4,4.13750566893424,1,all_actors/03-01-04-02-02-01-18.wav
837,4,4.104126984126984,1,all_actors/03-01-04-01-01-01-24.wav
838,3,3.47015873015873,1,all_actors/03-01-03-01-02-02-09.wav
839,3,3.47015873015873,1,all_actors/03-01-02-01-01-01-18.wav
840,3,3.2365986394557824,1,all_actors/03-01-03-02-02-01-23.wav
841,3,3.8705668934240363,1,all_actors/03-01-07-02-02-01-04.wav
842,3,3.47015873015873,1,all_actors/03-01-05-02-02-01-15.wav
843,3,3.4034013605442177,1,all_actors/03-01-08-01-01-01-17.wav
844,3,3.1365079365079365,1,all_actors/03-01-08-01-02-01-20.wav
845,4,4.037414965986395,1,all_actors/03-01-02-02-01-01-03.wav
846,3,3.5369160997732427,1,all_actors/03-01-02-01-02-02-22.wav
847,3,3.5035374149659866,1,all_actors/03-01-01-01-02-02-08.wav
848,3,3.670340136054422,1,all_actors/03-01-05-01-01-01-02.wav
849,3,3.603628117913832,1,all_actors/03-01-05-01-01-01-14.wav
850,3,3.2699319727891156,1,all_actors/03-01-08-01-01-02-01.wav
851,3,3.670340136054422,1,all_actors/03-01-03-02-01-02-02.wav
852,3,3.83718820861678,1,all_actors/03-01-07-01-02-02-22.wav
853,3,3.6370068027210882,1,all_actors/03-01-02-01-02-01-04.wav
854,4,4.037414965986395,1,all_actors/03-01-02-02-01-02-19.wav
855,3,3.6369614512471657,1,all_actors/03-01-02-01-02-01-10.wav
856,3,3.703718820861678,1,all_actors/03-01-05-02-01-01-18.wav
857,3,3.6370068027210882,1,all_actors/03-01-02-01-02-01-18.wav
858,3,3.7704308390022674,1,all_actors/03-01-03-02-02-01-16.wav
859,4,4.004036281179138,1,all_actors/03-01-02-02-01-01-21.wav
860,4,4.104126984126984,1,all_actors/03-01-07-02-01-01-20.wav
861,3,3.570249433106576,1,all_actors/03-01-04-01-01-01-18.wav
862,3,3.703718820861678,1,all_actors/03-01-07-01-01-02-12.wav
863,4,4.070793650793651,1,all_actors/03-01-07-01-01-02-18.wav
864,3,3.1698412698412697,1,all_actors/03-01-02-01-01-02-13.wav
865,3,3.436780045351474,1,all_actors/03-01-08-01-01-02-15.wav
866,4,4.63795918367347,1,all_actors/03-01-07-02-02-01-18.wav
867,3,3.737097505668934,1,all_actors/03-01-07-01-01-02-20.wav
868,4,4.237596371882086,1,all_actors/03-01-06-02-01-01-20.wav
869,3,3.703718820861678,1,all_actors/03-01-03-02-02-02-20.wav
870,3,3.603628117913832,1,all_actors/03-01-05-02-02-01-08.wav
871,3,3.5369160997732427,1,all_actors/03-01-05-01-02-02-09.wav
872,3,3.336689342403628,1,all_actors/03-01-08-01-01-02-09.wav
873,3,3.603628117913832,1,all_actors/03-01-05-01-01-02-04.wav
874,4,4.671337868480726,1,all_actors/03-01-04-02-02-02-24.wav
875,3,3.7704761904761903,1,all_actors/03-01-07-01-02-02-03.wav
876,3,3.4034013605442177,1,all_actors/03-01-01-01-02-02-15.wav
877,3,3.436780045351474,1,all_actors/03-01-08-01-02-01-09.wav
878,4,4.270929705215419,1,all_actors/03-01-04-02-01-02-21.wav
879,4,4.1374603174603175,1,all_actors/03-01-03-02-02-01-03.wav
880,3,3.2032199546485263,1,all_actors/03-01-06-01-02-01-13.wav
881,3,3.570249433106576,1,all_actors/03-01-04-01-02-01-17.wav
882,3,3.570249433106576,1,all_actors/03-01-03-02-02-02-09.wav
883,3,3.6369614512471657,1,all_actors/03-01-02-02-02-01-22.wav
884,3,3.2032199546485263,1,all_actors/03-01-03-01-02-02-13.wav
885,3,3.436780045351474,1,all_actors/03-01-08-01-02-01-22.wav
886,3,3.937278911564626,1,all_actors/03-01-04-02-01-01-09.wav
887,4,4.237596371882086,1,all_actors/03-01-06-02-01-02-01.wav
888,3,3.670340136054422,1,all_actors/03-01-06-01-01-01-21.wav
889,3,3.5035374149659866,1,all_actors/03-01-03-01-02-01-04.wav
890,3,3.8705215419501133,1,all_actors/03-01-05-02-01-02-04.wav
891,3,3.603628117913832,1,all_actors/03-01-01-01-02-02-05.wav
892,3,3.47015873015873,1,all_actors/03-01-06-01-01-01-11.wav
893,3,3.803809523809524,1,all_actors/03-01-03-02-01-01-21.wav
894,3,3.603628117913832,1,all_actors/03-01-05-01-01-02-08.wav
895,4,4.80485260770975,1,all_actors/03-01-07-02-01-01-19.wav
896,3,3.436780045351474,1,all_actors/03-01-03-01-02-02-06.wav
897,3,3.703718820861678,1,all_actors/03-01-04-02-02-01-02.wav
898,3,3.570249433106576,1,all_actors/03-01-03-02-01-02-04.wav
899,3,3.5369160997732427,1,all_actors/03-01-01-01-02-02-20.wav
900,3,3.9039002267573695,1,all_actors/03-01-07-01-02-01-01.wav
901,3,3.737097505668934,1,all_actors/03-01-02-01-01-01-14.wav
902,4,4.070748299319728,1,all_actors/03-01-07-01-02-02-24.wav
903,3,3.570249433106576,1,all_actors/03-01-04-01-02-01-23.wav
904,3,3.336689342403628,1,all_actors/03-01-03-01-02-02-10.wav
905,3,3.803809523809524,1,all_actors/03-01-02-01-02-01-16.wav
906,3,3.2699773242630386,1,all_actors/03-01-05-01-02-01-23.wav
907,3,3.737097505668934,1,all_actors/03-01-03-02-01-01-17.wav
908,4,4.270975056689342,1,all_actors/03-01-05-02-01-02-13.wav
909,3,3.670340136054422,1,all_actors/03-01-06-01-02-02-08.wav
910,3,3.3033560090702947,1,all_actors/03-01-08-02-02-01-06.wav
911,5,5.2719727891156465,1,all_actors/03-01-07-02-01-02-19.wav
912,3,3.603628117913832,1,all_actors/03-01-04-01-01-02-06.wav
913,3,3.8705215419501133,1,all_actors/03-01-02-02-01-01-14.wav
914,3,3.570249433106576,1,all_actors/03-01-02-01-02-02-15.wav
915,4,4.20421768707483,1,all_actors/03-01-07-02-01-01-17.wav
916,3,3.2032199546485263,1,all_actors/03-01-06-02-02-02-13.wav
917,3,3.436780045351474,1,all_actors/03-01-03-01-02-02-15.wav
918,3,3.47015873015873,1,all_actors/03-01-06-01-02-01-18.wav
919,3,3.703718820861678,1,all_actors/03-01-06-01-02-02-01.wav
920,3,3.6369614512471657,1,all_actors/03-01-04-01-01-02-18.wav
921,3,3.6370068027210882,1,all_actors/03-01-06-01-01-01-02.wav
922,3,3.2032199546485263,1,all_actors/03-01-02-02-01-02-13.wav
923,4,4.13750566893424,1,all_actors/03-01-02-01-02-01-05.wav
924,3,3.570249433106576,1,all_actors/03-01-02-01-01-02-20.wav
925,3,3.069750566893424,1,all_actors/03-01-08-01-01-01-11.wav
926,4,4.638004535147393,1,all_actors/03-01-02-02-01-02-06.wav
927,3,3.436780045351474,1,all_actors/03-01-08-02-02-01-17.wav
928,3,3.670340136054422,1,all_actors/03-01-02-01-01-02-19.wav
929,3,3.3700680272108845,1,all_actors/03-01-06-02-01-01-13.wav
930,3,3.2365986394557824,1,all_actors/03-01-05-02-02-01-23.wav
931,4,4.1374603174603175,1,all_actors/03-01-05-02-02-01-01.wav
932,3,3.83718820861678,1,all_actors/03-01-03-02-02-02-03.wav
933,3,3.670340136054422,1,all_actors/03-01-04-02-02-01-08.wav
934,3,3.2365986394557824,1,all_actors/03-01-03-02-01-01-23.wav
935,3,3.937278911564626,1,all_actors/03-01-04-02-01-02-08.wav
936,3,3.069750566893424,1,all_actors/03-01-01-01-02-01-13.wav
937,3,3.8705668934240363,1,all_actors/03-01-03-02-01-02-05.wav
938,3,3.803809523809524,1,all_actors/03-01-02-01-01-01-04.wav
939,3,3.603628117913832,1,all_actors/03-01-08-01-02-01-02.wav
940,3,3.3033106575963718,1,all_actors/03-01-08-02-01-01-09.wav
941,3,3.9039002267573695,1,all_actors/03-01-06-02-01-02-03.wav
942,3,3.803854875283447,1,all_actors/03-01-02-01-02-01-21.wav
943,4,4.104126984126984,1,all_actors/03-01-07-01-01-02-05.wav
944,3,3.3033560090702947,1,all_actors/03-01-07-02-02-01-15.wav
945,3,3.1364625850340135,1,all_actors/03-01-07-01-01-01-13.wav
946,3,3.737097505668934,1,all_actors/03-01-04-01-01-01-14.wav
947,3,3.7704761904761903,1,all_actors/03-01-05-02-01-02-18.wav
948,3,3.737097505668934,1,all_actors/03-01-08-01-01-01-05.wav
949,3,3.670340136054422,1,all_actors/03-01-02-02-02-01-08.wav
950,3,3.3700680272108845,1,all_actors/03-01-01-01-01-01-19.wav
951,4,4.004036281179138,1,all_actors/03-01-05-01-02-02-07.wav
952,3,3.570249433106576,1,all_actors/03-01-04-02-02-02-17.wav
953,3,3.5035374149659866,1,all_actors/03-01-04-01-01-02-17.wav
954,3,3.7704761904761903,1,all_actors/03-01-05-02-01-01-04.wav
955,3,3.5369160997732427,1,all_actors/03-01-06-01-02-01-17.wav
956,3,3.6370068027210882,1,all_actors/03-01-05-02-02-02-05.wav
957,3,3.603628117913832,1,all_actors/03-01-06-01-01-02-22.wav
958,3,3.7704761904761903,1,all_actors/03-01-03-02-01-01-19.wav
959,3,3.703718820861678,1,all_actors/03-01-03-01-02-01-21.wav
960,3,3.570249433106576,1,all_actors/03-01-02-01-01-01-24.wav
961,3,3.703718820861678,1,all_actors/03-01-04-02-01-02-17.wav
962,4,4.237596371882086,1,all_actors/03-01-07-02-02-01-24.wav
963,3,3.3033106575963718,1,all_actors/03-01-02-01-01-01-13.wav
964,4,4.8048072562358275,1,all_actors/03-01-05-02-01-02-19.wav
965,3,3.7704308390022674,1,all_actors/03-01-03-01-01-01-03.wav
966,3,3.2032199546485263,1,all_actors/03-01-01-01-01-02-09.wav
967,3,3.803854875283447,1,all_actors/03-01-06-02-02-01-18.wav
968,3,3.703718820861678,1,all_actors/03-01-02-02-01-01-22.wav
969,3,3.603628117913832,1,all_actors/03-01-01-01-02-01-12.wav
970,3,3.3033106575963718,1,all_actors/03-01-04-02-01-02-13.wav
971,3,3.970657596371882,1,all_actors/03-01-02-02-01-01-12.wav
972,4,4.337687074829932,1,all_actors/03-01-05-02-02-01-19.wav
973,4,4.070748299319728,1,all_actors/03-01-07-02-01-01-23.wav
974,3,3.3033560090702947,1,all_actors/03-01-05-01-02-01-19.wav
975,3,3.670340136054422,1,all_actors/03-01-01-01-02-02-10.wav
976,4,4.004036281179138,1,all_actors/03-01-05-02-01-02-07.wav
977,3,3.83718820861678,1,all_actors/03-01-06-02-02-02-17.wav
978,3,3.2365986394557824,1,all_actors/03-01-08-02-01-02-20.wav
979,3,3.1365079365079365,1,all_actors/03-01-01-01-01-01-11.wav
980,3,3.336689342403628,1,all_actors/03-01-05-01-02-02-23.wav
981,3,3.737097505668934,1,all_actors/03-01-07-02-02-01-08.wav
982,3,3.5369160997732427,1,all_actors/03-01-04-01-01-01-07.wav
983,3,3.803854875283447,1,all_actors/03-01-02-02-02-02-12.wav
984,3,3.3700226757369616,1,all_actors/03-01-08-02-01-02-23.wav
985,4,4.070748299319728,1,all_actors/03-01-05-01-02-01-21.wav
986,4,4.63795918367347,1,all_actors/03-01-07-02-01-02-24.wav
987,4,4.004036281179138,1,all_actors/03-01-05-02-02-02-02.wav
988,3,3.570249433106576,1,all_actors/03-01-06-02-01-01-22.wav
989,3,3.603628117913832,1,all_actors/03-01-04-01-01-01-03.wav
990,3,3.2365986394557824,1,all_actors/03-01-08-01-01-02-06.wav
991,3,3.3033106575963718,1,all_actors/03-01-08-02-01-02-13.wav
992,3,3.8705215419501133,1,all_actors/03-01-05-01-02-01-22.wav
993,4,4.237596371882086,1,all_actors/03-01-05-02-02-02-21.wav
994,3,3.603628117913832,1,all_actors/03-01-06-02-01-02-06.wav
995,3,3.47015873015873,1,all_actors/03-01-08-01-02-02-10.wav
996,4,4.037369614512472,1,all_actors/03-01-04-02-02-02-06.wav
997,4,4.237596371882086,1,all_actors/03-01-02-01-02-02-05.wav
998,3,3.7704308390022674,1,all_actors/03-01-06-01-01-02-21.wav
999,3,3.603628117913832,1,all_actors/03-01-01-01-02-02-02.wav
1000,3,3.2365986394557824,1,all_actors/03-01-06-01-01-02-04.wav
1001,3,3.803809523809524,1,all_actors/03-01-03-02-02-02-17.wav
1002,3,3.603628117913832,1,all_actors/03-01-02-01-01-01-08.wav
1003,3,3.737097505668934,1,all_actors/03-01-04-02-02-02-01.wav
1004,4,4.104126984126984,1,all_actors/03-01-02-02-02-01-23.wav
1005,4,4.037369614512472,1,all_actors/03-01-03-02-01-02-07.wav
1006,3,3.737097505668934,1,all_actors/03-01-07-01-02-01-06.wav
1007,4,4.1374603174603175,1,all_actors/03-01-01-01-02-01-07.wav
1008,3,3.603628117913832,1,all_actors/03-01-04-01-02-02-08.wav
1009,3,3.8705668934240363,1,all_actors/03-01-06-02-02-02-10.wav
1010,3,3.803854875283447,1,all_actors/03-01-05-01-02-01-03.wav
1011,3,3.737097505668934,1,all_actors/03-01-02-01-01-02-03.wav
1012,3,3.47015873015873,1,all_actors/03-01-01-01-02-01-18.wav
1013,3,3.8705668934240363,1,all_actors/03-01-08-02-02-02-08.wav
1014,3,3.603628117913832,1,all_actors/03-01-02-02-02-02-15.wav
1015,3,3.3033560090702947,1,all_actors/03-01-04-01-02-01-15.wav
1016,4,4.304308390022676,1,all_actors/03-01-04-01-01-01-21.wav
1017,3,3.803809523809524,1,all_actors/03-01-04-01-02-02-10.wav
1018,3,3.53687074829932,1,all_actors/03-01-07-02-01-02-09.wav
1019,3,3.5369160997732427,1,all_actors/03-01-05-01-02-01-08.wav
1020,3,3.336689342403628,1,all_actors/03-01-02-01-02-01-20.wav
1021,3,3.970657596371882,1,all_actors/03-01-05-01-01-02-06.wav
1022,4,4.004036281179138,1,all_actors/03-01-05-01-01-02-10.wav
1023,3,3.8705668934240363,1,all_actors/03-01-05-01-01-01-05.wav
1024,3,3.937278911564626,1,all_actors/03-01-07-01-02-02-19.wav
1025,4,4.404399092970522,1,all_actors/03-01-05-02-01-01-03.wav
1026,3,3.570249433106576,1,all_actors/03-01-05-01-02-01-18.wav
1027,3,3.7704761904761903,1,all_actors/03-01-02-02-02-02-14.wav
1028,3,3.7704761904761903,1,all_actors/03-01-04-02-01-02-04.wav
1029,3,3.6369614512471657,1,all_actors/03-01-05-02-01-01-12.wav
1030,3,3.603628117913832,1,all_actors/03-01-05-01-02-01-13.wav
1031,3,3.47015873015873,1,all_actors/03-01-01-01-02-02-18.wav
1032,3,3.5035374149659866,1,all_actors/03-01-08-01-02-01-18.wav
1033,4,4.104126984126984,1,all_actors/03-01-07-02-01-02-20.wav
1034,3,3.603628117913832,1,all_actors/03-01-01-01-02-01-21.wav
1035,3,3.737097505668934,1,all_actors/03-01-03-02-02-01-17.wav
1036,3,3.8705215419501133,1,all_actors/03-01-02-02-01-01-16.wav
1037,3,3.1364625850340135,1,all_actors/03-01-08-01-01-02-11.wav
1038,4,4.270975056689342,1,all_actors/03-01-07-02-02-01-05.wav
1039,3,3.570249433106576,1,all_actors/03-01-06-01-01-02-14.wav
1040,3,3.603628117913832,1,all_actors/03-01-03-01-01-02-06.wav
1041,3,3.603628117913832,1,all_actors/03-01-04-01-01-02-07.wav
1042,3,3.47015873015873,1,all_actors/03-01-08-02-02-01-21.wav
1043,4,4.20421768707483,1,all_actors/03-01-07-02-02-01-22.wav
1044,3,3.2365986394557824,1,all_actors/03-01-08-01-01-02-23.wav
1045,3,3.803809523809524,1,all_actors/03-01-06-02-02-01-10.wav
1046,3,3.703718820861678,1,all_actors/03-01-05-01-01-02-19.wav
1047,3,3.803809523809524,1,all_actors/03-01-03-02-02-02-21.wav
1048,3,3.53687074829932,1,all_actors/03-01-08-01-01-02-02.wav
1049,3,3.670340136054422,1,all_actors/03-01-08-02-02-02-12.wav
1050,3,3.336689342403628,1,all_actors/03-01-08-01-01-02-04.wav
1051,3,3.3033560090702947,1,all_actors/03-01-03-01-02-02-19.wav
1052,3,3.436780045351474,1,all_actors/03-01-08-01-02-02-16.wav
1053,3,3.803854875283447,1,all_actors/03-01-04-02-01-02-16.wav
1054,3,3.336689342403628,1,all_actors/03-01-04-02-01-01-13.wav
1055,3,3.9039455782312924,1,all_actors/03-01-06-02-02-02-20.wav
1056,4,4.037414965986395,1,all_actors/03-01-03-02-01-01-11.wav
1057,3,3.069750566893424,1,all_actors/03-01-08-02-02-01-11.wav
1058,4,4.738095238095238,1,all_actors/03-01-02-02-01-01-05.wav
1059,3,3.47015873015873,1,all_actors/03-01-02-01-02-02-08.wav
1060,3,3.53687074829932,1,all_actors/03-01-05-02-02-02-20.wav
1061,3,3.47015873015873,1,all_actors/03-01-03-01-01-02-07.wav
1062,4,4.13750566893424,1,all_actors/03-01-04-02-02-02-21.wav
1063,3,3.53687074829932,1,all_actors/03-01-08-02-01-02-16.wav
1064,4,4.6046258503401365,1,all_actors/03-01-07-02-02-02-17.wav
1065,3,3.3700680272108845,1,all_actors/03-01-04-01-01-01-04.wav
1066,4,4.104126984126984,1,all_actors/03-01-05-01-01-01-24.wav
1067,4,4.170839002267574,1,all_actors/03-01-05-02-02-01-24.wav
1068,4,4.471156462585034,1,all_actors/03-01-05-02-01-02-21.wav
1069,3,3.3033560090702947,1,all_actors/03-01-06-01-01-02-15.wav
1070,3,3.2032199546485263,1,all_actors/03-01-08-02-02-02-06.wav
1071,3,3.6370068027210882,1,all_actors/03-01-07-01-02-01-21.wav
1072,3,3.603628117913832,1,all_actors/03-01-03-02-02-01-05.wav
1073,3,3.7704761904761903,1,all_actors/03-01-02-01-02-01-12.wav
1074,3,3.47015873015873,1,all_actors/03-01-04-01-02-02-04.wav
1075,3,3.737097505668934,1,all_actors/03-01-07-01-02-02-05.wav
1076,3,3.4034013605442177,1,all_actors/03-01-06-02-02-01-07.wav
1077,3,3.703718820861678,1,all_actors/03-01-08-02-01-02-08.wav
1078,3,3.336689342403628,1,all_actors/03-01-03-01-01-01-09.wav
1079,3,3.47015873015873,1,all_actors/03-01-03-02-01-02-15.wav
1080,3,3.83718820861678,1,all_actors/03-01-06-01-01-02-03.wav
1081,3,3.4034013605442177,1,all_actors/03-01-08-01-02-02-24.wav
1082,3,3.53687074829932,1,all_actors/03-01-04-01-01-02-13.wav
1083,3,3.737097505668934,1,all_actors/03-01-08-02-02-02-14.wav
1084,4,4.104126984126984,1,all_actors/03-01-02-02-02-01-02.wav
1085,3,3.2699773242630386,1,all_actors/03-01-08-02-01-01-03.wav
1086,3,3.47015873015873,1,all_actors/03-01-08-01-01-02-24.wav
1087,3,3.2365986394557824,1,all_actors/03-01-03-01-02-01-23.wav
1088,3,3.937278911564626,1,all_actors/03-01-03-02-02-01-01.wav
1089,3,3.6370068027210882,1,all_actors/03-01-08-01-01-01-15.wav
1090,3,3.9039002267573695,1,all_actors/03-01-07-01-01-02-22.wav
1091,3,3.9039002267573695,1,all_actors/03-01-05-02-01-02-22.wav
1092,3,3.1698412698412697,1,all_actors/03-01-04-01-02-01-19.wav
1093,4,4.20421768707483,1,all_actors/03-01-05-02-02-02-22.wav
1094,3,3.1365079365079365,1,all_actors/03-01-06-01-02-01-09.wav
1095,3,3.703718820861678,1,all_actors/03-01-03-02-01-01-02.wav
1096,3,3.2699319727891156,1,all_actors/03-01-02-01-01-01-11.wav
1097,3,3.703718820861678,1,all_actors/03-01-02-02-01-01-01.wav
1098,3,3.1364625850340135,1,all_actors/03-01-06-01-02-01-05.wav
1099,3,3.570249433106576,1,all_actors/03-01-07-01-01-02-23.wav
1100,3,3.6369614512471657,1,all_actors/03-01-07-01-01-02-15.wav
1101,3,3.670340136054422,1,all_actors/03-01-05-01-02-01-24.wav
1102,3,3.737097505668934,1,all_actors/03-01-04-02-01-01-22.wav
1103,4,4.037369614512472,1,all_actors/03-01-07-02-02-01-06.wav
1104,3,3.937278911564626,1,all_actors/03-01-07-02-01-01-14.wav
1105,3,3.670340136054422,1,all_actors/03-01-07-01-01-02-08.wav
1106,4,4.20421768707483,1,all_actors/03-01-04-02-01-01-06.wav
1107,3,3.603628117913832,1,all_actors/03-01-06-02-02-01-24.wav
1108,3,3.670340136054422,1,all_actors/03-01-04-02-02-02-02.wav
1109,3,3.83718820861678,1,all_actors/03-01-04-02-01-02-18.wav
1110,4,4.004036281179138,1,all_actors/03-01-02-01-01-02-21.wav
1111,4,4.270975056689342,1,all_actors/03-01-04-02-02-01-21.wav
1112,4,4.1374603174603175,1,all_actors/03-01-05-02-02-02-10.wav
1113,3,3.3033106575963718,1,all_actors/03-01-06-01-02-02-15.wav
1114,3,3.436780045351474,1,all_actors/03-01-03-01-02-02-04.wav
1115,3,3.5035374149659866,1,all_actors/03-01-05-02-01-01-17.wav
1116,3,3.5035374149659866,1,all_actors/03-01-07-01-02-02-17.wav
1117,3,3.4034013605442177,1,all_actors/03-01-08-02-01-02-10.wav
1118,3,3.603628117913832,1,all_actors/03-01-04-01-01-01-22.wav
1119,3,3.570294784580499,1,all_actors/03-01-04-01-02-01-08.wav
1120,3,3.436780045351474,1,all_actors/03-01-07-02-02-02-13.wav
1121,3,3.7704761904761903,1,all_actors/03-01-08-02-01-02-02.wav
1122,3,3.737097505668934,1,all_actors/03-01-06-02-01-01-12.wav
1123,3,3.5369160997732427,1,all_actors/03-01-08-02-01-02-18.wav
1124,3,3.53687074829932,1,all_actors/03-01-04-02-01-01-05.wav
1125,3,3.336689342403628,1,all_actors/03-01-02-01-02-01-19.wav
1126,3,3.8705668934240363,1,all_actors/03-01-05-02-01-01-22.wav
1127,3,3.3033106575963718,1,all_actors/03-01-08-01-02-01-23.wav
1128,4,4.20421768707483,1,all_actors/03-01-04-01-01-01-08.wav
1129,3,3.6369614512471657,1,all_actors/03-01-04-01-02-02-18.wav
1130,3,3.2699773242630386,1,all_actors/03-01-06-02-01-02-09.wav
1131,3,3.7704761904761903,1,all_actors/03-01-04-02-01-01-20.wav
1132,4,4.337687074829932,1,all_actors/03-01-07-02-01-01-05.wav
1133,4,4.471156462585034,1,all_actors/03-01-05-02-01-02-10.wav
1134,3,3.83718820861678,1,all_actors/03-01-05-02-02-01-07.wav
1135,3,3.336689342403628,1,all_actors/03-01-01-01-01-01-06.wav
1136,3,3.7704761904761903,1,all_actors/03-01-06-02-02-01-21.wav
1137,3,3.737097505668934,1,all_actors/03-01-05-02-01-02-16.wav
1138,4,4.304308390022676,1,all_actors/03-01-07-01-01-01-24.wav
1139,3,3.603628117913832,1,all_actors/03-01-01-01-02-02-24.wav
1140,4,4.037369614512472,1,all_actors/03-01-02-01-01-01-06.wav
1141,4,4.104126984126984,1,all_actors/03-01-05-02-01-01-01.wav
1142,3,3.3033106575963718,1,all_actors/03-01-04-01-01-01-10.wav
1143,4,4.50453514739229,1,all_actors/03-01-05-02-02-02-03.wav
1144,3,3.670340136054422,1,all_actors/03-01-08-02-01-01-04.wav
1145,3,3.1698412698412697,1,all_actors/03-01-01-01-01-01-13.wav
1146,3,3.9039002267573695,1,all_actors/03-01-07-01-01-02-04.wav
1147,4,4.3710657596371885,1,all_actors/03-01-05-02-01-02-24.wav
1148,3,3.2032199546485263,1,all_actors/03-01-03-02-01-02-23.wav
1149,3,3.703718820861678,1,all_actors/03-01-07-01-01-01-22.wav
1150,4,4.070748299319728,1,all_actors/03-01-07-01-02-02-15.wav
1151,3,3.803854875283447,1,all_actors/03-01-04-02-02-01-20.wav
1152,3,3.336689342403628,1,all_actors/03-01-05-02-01-02-23.wav
1153,3,3.703718820861678,1,all_actors/03-01-03-01-01-02-02.wav
1154,5,5.005034013605442,1,all_actors/03-01-06-02-01-01-01.wav
1155,4,4.170839002267574,1,all_actors/03-01-07-02-01-02-17.wav
1156,4,4.3710657596371885,1,all_actors/03-01-04-02-01-02-23.wav
1157,3,3.570294784580499,1,all_actors/03-01-03-02-02-01-09.wav
1158,3,3.570249433106576,1,all_actors/03-01-08-01-02-02-03.wav
1159,3,3.6370068027210882,1,all_actors/03-01-05-02-02-01-17.wav
1160,3,3.3700226757369616,1,all_actors/03-01-05-01-02-02-13.wav
1161,3,3.737097505668934,1,all_actors/03-01-03-02-01-01-22.wav
1162,3,3.937278911564626,1,all_actors/03-01-06-02-02-02-08.wav
1163,3,3.737097505668934,1,all_actors/03-01-07-02-02-01-23.wav
1164,3,3.5035374149659866,1,all_actors/03-01-06-02-02-02-07.wav
1165,3,3.703718820861678,1,all_actors/03-01-05-01-02-01-15.wav
1166,2,2.936281179138322,1,all_actors/03-01-02-01-02-02-13.wav
1167,3,3.737097505668934,1,all_actors/03-01-04-01-02-01-02.wav
1168,3,3.803809523809524,1,all_actors/03-01-05-01-02-02-02.wav
1169,3,3.2365986394557824,1,all_actors/03-01-01-01-01-02-19.wav
1170,3,3.703718820861678,1,all_actors/03-01-08-01-02-02-05.wav
1171,3,3.9039455782312924,1,all_actors/03-01-06-02-02-02-01.wav
1172,3,3.2365986394557824,1,all_actors/03-01-06-02-02-01-05.wav
1173,3,3.2699773242630386,1,all_actors/03-01-08-01-01-01-23.wav
1174,3,3.2365986394557824,1,all_actors/03-01-08-01-01-01-10.wav
1175,3,3.6370068027210882,1,all_actors/03-01-08-01-01-01-14.wav
1176,3,3.8705668934240363,1,all_actors/03-01-03-02-01-01-04.wav
1177,4,4.070748299319728,1,all_actors/03-01-05-01-02-01-05.wav
1178,4,4.070748299319728,1,all_actors/03-01-02-01-02-02-21.wav
1179,3,3.603628117913832,1,all_actors/03-01-07-01-02-02-21.wav
1180,3,3.2699773242630386,1,all_actors/03-01-04-01-01-01-09.wav
1181,3,3.4034467120181406,1,all_actors/03-01-04-01-02-02-09.wav
1182,3,3.5035374149659866,1,all_actors/03-01-01-01-02-01-17.wav
1183,3,3.570249433106576,1,all_actors/03-01-05-02-01-02-05.wav
1184,3,3.803809523809524,1,all_actors/03-01-08-01-01-02-08.wav
1185,3,3.8705668934240363,1,all_actors/03-01-06-02-02-01-20.wav
1186,3,3.670340136054422,1,all_actors/03-01-04-02-02-01-10.wav
1187,3,3.7704761904761903,1,all_actors/03-01-07-02-01-02-08.wav
1188,3,3.3700680272108845,1,all_actors/03-01-04-01-02-02-20.wav
1189,3,3.3700680272108845,1,all_actors/03-01-08-02-01-02-06.wav
1190,3,3.83718820861678,1,all_actors/03-01-01-01-02-02-23.wav
1191,3,3.3700226757369616,1,all_actors/03-01-08-02-01-01-15.wav
1192,4,4.070748299319728,1,all_actors/03-01-06-01-02-02-21.wav
1193,3,3.803809523809524,1,all_actors/03-01-04-02-02-01-12.wav
1194,4,4.004036281179138,1,all_actors/03-01-05-01-01-02-21.wav
1195,3,3.703718820861678,1,all_actors/03-01-05-01-01-02-14.wav
1196,3,3.670340136054422,1,all_actors/03-01-06-01-02-01-02.wav
1197,3,3.7704761904761903,1,all_actors/03-01-02-01-02-02-17.wav
1198,4,4.070748299319728,1,all_actors/03-01-05-02-01-02-20.wav
1199,3,3.670340136054422,1,all_actors/03-01-04-01-01-01-17.wav
1200,3,3.5035374149659866,1,all_actors/03-01-06-02-01-01-10.wav
1201,4,4.13750566893424,1,all_actors/03-01-07-02-01-01-07.wav
1202,4,4.004036281179138,1,all_actors/03-01-03-02-02-02-19.wav
1203,3,3.2699773242630386,1,all_actors/03-01-08-02-02-02-01.wav
1204,3,3.570249433106576,1,all_actors/03-01-05-01-02-02-19.wav
1205,4,4.004036281179138,1,all_actors/03-01-07-02-02-01-02.wav
1206,4,4.104126984126984,1,all_actors/03-01-02-01-01-02-06.wav
1207,3,3.737097505668934,1,all_actors/03-01-06-01-01-02-02.wav
1208,3,3.937278911564626,1,all_actors/03-01-03-02-02-02-08.wav
1209,3,3.937278911564626,1,all_actors/03-01-07-02-02-02-04.wav
1210,3,3.47015873015873,1,all_actors/03-01-08-02-02-01-04.wav
1211,3,3.5035374149659866,1,all_actors/03-01-01-01-01-02-17.wav
1212,3,3.2365986394557824,1,all_actors/03-01-01-01-02-02-04.wav
1213,3,3.603628117913832,1,all_actors/03-01-02-01-01-02-10.wav
1214,4,4.304353741496598,1,all_actors/03-01-07-01-01-01-18.wav
1215,4,4.037414965986395,1,all_actors/03-01-07-01-01-01-03.wav
1216,3,3.570249433106576,1,all_actors/03-01-04-01-01-02-03.wav
1217,3,3.570249433106576,1,all_actors/03-01-04-01-02-02-12.wav
1218,3,3.336689342403628,1,all_actors/03-01-08-02-02-02-15.wav
1219,3,3.2032199546485263,1,all_actors/03-01-04-02-02-02-13.wav
1220,3,3.603628117913832,1,all_actors/03-01-04-01-01-02-14.wav
1221,3,3.3700680272108845,1,all_actors/03-01-08-01-02-01-24.wav
1222,3,3.5369160997732427,1,all_actors/03-01-02-01-02-02-07.wav
1223,3,3.8705215419501133,1,all_actors/03-01-07-01-01-01-01.wav
1224,3,3.5035374149659866,1,all_actors/03-01-02-01-02-02-20.wav
1225,3,3.53687074829932,1,all_actors/03-01-06-02-02-01-16.wav
1226,3,3.3700226757369616,1,all_actors/03-01-06-01-01-02-05.wav
1227,3,3.703718820861678,1,all_actors/03-01-04-02-01-02-01.wav
1228,3,3.737097505668934,1,all_actors/03-01-02-02-02-01-12.wav
1229,3,3.5035374149659866,1,all_actors/03-01-01-01-01-01-08.wav
1230,3,3.5035374149659866,1,all_actors/03-01-06-02-02-02-15.wav
1231,3,3.670340136054422,1,all_actors/03-01-05-01-02-01-20.wav
1232,3,3.603628117913832,1,all_actors/03-01-05-01-01-01-11.wav
1233,3,3.436780045351474,1,all_actors/03-01-08-02-02-02-09.wav
1234,4,4.13750566893424,1,all_actors/03-01-05-01-02-02-10.wav
1235,3,3.83718820861678,1,all_actors/03-01-04-01-01-01-01.wav
1236,3,3.703718820861678,1,all_actors/03-01-07-02-01-01-15.wav
1237,3,3.5369160997732427,1,all_actors/03-01-05-01-02-02-17.wav
1238,4,4.1374603174603175,1,all_actors/03-01-02-02-02-01-03.wav
1239,3,3.83718820861678,1,all_actors/03-01-02-02-02-01-17.wav
1240,3,3.436780045351474,1,all_actors/03-01-04-01-01-02-09.wav
1241,3,3.53687074829932,1,all_actors/03-01-08-01-01-02-19.wav
1242,3,3.436780045351474,1,all_actors/03-01-03-02-01-01-13.wav
1243,3,3.3700680272108845,1,all_actors/03-01-06-01-02-01-14.wav
1244,3,3.9039002267573695,1,all_actors/03-01-07-01-01-01-08.wav
1245,3,3.9039002267573695,1,all_actors/03-01-06-02-01-02-08.wav
1246,4,4.104126984126984,1,all_actors/03-01-06-01-01-01-24.wav
1247,3,3.4034013605442177,1,all_actors/03-01-08-02-02-01-09.wav
1248,3,3.803809523809524,1,all_actors/03-01-07-01-02-01-22.wav
1249,3,3.670340136054422,1,all_actors/03-01-03-02-02-01-22.wav
1250,3,3.5369160997732427,1,all_actors/03-01-01-01-01-02-12.wav
1251,3,3.2699319727891156,1,all_actors/03-01-04-02-02-01-05.wav
1252,3,3.2365986394557824,1,all_actors/03-01-03-01-02-02-11.wav
1253,3,3.5369160997732427,1,all_actors/03-01-08-02-02-02-21.wav
1254,3,3.570249433106576,1,all_actors/03-01-03-02-01-02-16.wav
1255,3,3.803854875283447,1,all_actors/03-01-02-02-02-02-08.wav
1256,3,3.47015873015873,1,all_actors/03-01-06-01-02-02-04.wav
1257,3,3.803809523809524,1,all_actors/03-01-07-02-02-02-14.wav
1258,3,3.1364625850340135,1,all_actors/03-01-06-02-02-02-11.wav
1259,3,3.5035374149659866,1,all_actors/03-01-01-01-01-02-03.wav
1260,3,3.3033560090702947,1,all_actors/03-01-08-01-01-01-24.wav
1261,3,3.3033106575963718,1,all_actors/03-01-06-01-02-02-20.wav
1262,3,3.47015873015873,1,all_actors/03-01-06-01-01-01-17.wav
1263,3,3.3033106575963718,1,all_actors/03-01-04-01-01-02-15.wav
1264,3,3.2365986394557824,1,all_actors/03-01-08-01-01-01-04.wav
1265,3,3.670340136054422,1,all_actors/03-01-08-02-02-01-24.wav
1266,3,3.570249433106576,1,all_actors/03-01-02-01-02-02-09.wav
1267,3,3.937278911564626,1,all_actors/03-01-03-02-01-02-21.wav
1268,3,3.47015873015873,1,all_actors/03-01-01-01-01-01-20.wav
1269,3,3.737097505668934,1,all_actors/03-01-01-01-02-02-07.wav
1270,4,4.004036281179138,1,all_actors/03-01-02-01-02-02-23.wav
1271,3,3.703718820861678,1,all_actors/03-01-08-02-02-01-14.wav
1272,3,3.336689342403628,1,all_actors/03-01-01-01-02-01-09.wav
1273,3,3.5035374149659866,1,all_actors/03-01-06-02-02-01-14.wav
1274,3,3.436780045351474,1,all_actors/03-01-01-01-01-01-03.wav
1275,3,3.436780045351474,1,all_actors/03-01-04-01-02-01-13.wav
1276,3,3.4034467120181406,1,all_actors/03-01-06-01-01-01-10.wav
1277,3,3.3700226757369616,1,all_actors/03-01-04-01-02-02-15.wav
1278,3,3.603628117913832,1,all_actors/03-01-01-01-01-01-05.wav
1279,4,4.3710657596371885,1,all_actors/03-01-05-02-01-01-21.wav
1280,3,3.670340136054422,1,all_actors/03-01-06-01-02-01-22.wav
1281,3,3.83718820861678,1,all_actors/03-01-02-01-01-01-03.wav
1282,3,3.737097505668934,1,all_actors/03-01-02-02-01-02-08.wav
1283,3,3.436780045351474,1,all_actors/03-01-08-02-02-02-20.wav
1284,4,4.237596371882086,1,all_actors/03-01-07-02-01-02-16.wav
1285,3,3.737097505668934,1,all_actors/03-01-01-01-01-02-16.wav
1286,3,3.703718820861678,1,all_actors/03-01-07-01-01-01-10.wav
1287,3,3.1031292517006803,1,all_actors/03-01-06-02-02-02-05.wav
1288,3,3.970657596371882,1,all_actors/03-01-05-02-01-01-19.wav
1289,4,4.170839002267574,1,all_actors/03-01-05-02-02-02-13.wav
1290,3,3.4034013605442177,1,all_actors/03-01-05-02-01-01-05.wav
1291,3,3.670340136054422,1,all_actors/03-01-02-01-02-02-16.wav
1292,3,3.970657596371882,1,all_actors/03-01-08-02-01-01-14.wav
1293,3,3.436780045351474,1,all_actors/03-01-06-01-01-01-07.wav
1294,3,3.336689342403628,1,all_actors/03-01-07-01-02-02-23.wav
1295,3,3.6370068027210882,1,all_actors/03-01-05-01-01-01-15.wav
1296,3,3.937278911564626,1,all_actors/03-01-05-02-02-01-11.wav
1297,3,3.5369160997732427,1,all_actors/03-01-02-02-02-02-17.wav
1298,3,3.670340136054422,1,all_actors/03-01-04-01-02-01-12.wav
1299,3,3.4034013605442177,1,all_actors/03-01-06-01-01-02-18.wav
1300,3,3.803809523809524,1,all_actors/03-01-02-02-02-01-04.wav
1301,4,4.104126984126984,1,all_actors/03-01-02-02-01-01-24.wav
1302,3,3.803854875283447,1,all_actors/03-01-08-02-02-02-02.wav
1303,4,4.304308390022676,1,all_actors/03-01-03-02-01-02-20.wav
1304,3,3.803854875283447,1,all_actors/03-01-06-01-01-01-20.wav
1305,3,3.570294784580499,1,all_actors/03-01-02-01-01-01-15.wav
1306,3,3.5369160997732427,1,all_actors/03-01-05-01-02-02-15.wav
1307,3,3.7704761904761903,1,all_actors/03-01-02-02-02-01-11.wav
1308,3,3.703718820861678,1,all_actors/03-01-06-01-01-01-16.wav
1309,3,3.937278911564626,1,all_actors/03-01-02-02-01-02-16.wav
1310,4,4.1374603174603175,1,all_actors/03-01-07-02-01-02-02.wav
1311,3,3.8705215419501133,1,all_actors/03-01-02-01-01-01-12.wav
1312,3,3.436780045351474,1,all_actors/03-01-04-01-02-02-06.wav
1313,3,3.6370068027210882,1,all_actors/03-01-01-01-02-01-24.wav
1314,3,3.737097505668934,1,all_actors/03-01-06-01-02-02-02.wav
1315,3,3.737097505668934,1,all_actors/03-01-03-01-02-02-24.wav
1316,3,3.570249433106576,1,all_actors/03-01-04-01-01-02-01.wav
1317,3,3.1031292517006803,1,all_actors/03-01-04-01-02-01-05.wav
1318,3,3.4034013605442177,1,all_actors/03-01-03-01-01-01-18.wav
1319,3,3.737097505668934,1,all_actors/03-01-06-02-01-02-17.wav
1320,3,3.9039002267573695,1,all_actors/03-01-04-02-01-02-09.wav
1321,3,3.436780045351474,1,all_actors/03-01-07-01-02-01-07.wav
1322,3,3.3700226757369616,1,all_actors/03-01-08-01-01-01-18.wav
1323,3,3.570294784580499,1,all_actors/03-01-02-01-02-02-04.wav
1324,4,4.237596371882086,1,all_actors/03-01-04-02-01-02-20.wav
1325,4,4.104126984126984,1,all_actors/03-01-05-02-02-02-19.wav
1326,4,4.437777777777778,1,all_actors/03-01-05-02-02-02-01.wav
1327,3,3.069750566893424,1,all_actors/03-01-08-02-02-02-11.wav
1328,3,3.9039002267573695,1,all_actors/03-01-03-01-01-02-24.wav
1329,3,3.570249433106576,1,all_actors/03-01-07-01-01-01-23.wav
1330,3,3.83718820861678,1,all_actors/03-01-05-02-02-02-04.wav
1331,3,3.1698412698412697,1,all_actors/03-01-01-01-02-02-01.wav
1332,3,3.5035374149659866,1,all_actors/03-01-06-01-01-02-16.wav
1333,3,3.803809523809524,1,all_actors/03-01-03-02-02-01-15.wav
1334,3,3.570249433106576,1,all_actors/03-01-08-01-01-02-22.wav
1335,3,3.970657596371882,1,all_actors/03-01-07-02-02-02-12.wav
1336,3,3.9039002267573695,1,all_actors/03-01-02-02-01-02-14.wav
1337,3,3.069750566893424,1,all_actors/03-01-08-01-01-01-09.wav
1338,3,3.436780045351474,1,all_actors/03-01-01-01-02-01-20.wav
1339,3,3.737097505668934,1,all_actors/03-01-07-02-01-02-14.wav
1340,3,3.5035374149659866,1,all_actors/03-01-07-01-01-02-07.wav
1341,4,4.20421768707483,1,all_actors/03-01-05-01-02-02-24.wav
1342,4,4.004036281179138,1,all_actors/03-01-04-02-01-01-19.wav
1343,3,3.6369614512471657,1,all_actors/03-01-08-02-02-02-18.wav
1344,3,3.5035374149659866,1,all_actors/03-01-02-01-01-01-17.wav
1345,3,3.4034013605442177,1,all_actors/03-01-04-01-02-01-09.wav
1346,4,4.104126984126984,1,all_actors/03-01-02-02-02-02-24.wav
1347,4,4.838185941043084,1,all_actors/03-01-07-01-01-02-19.wav
1348,3,3.6370068027210882,1,all_actors/03-01-01-01-01-02-05.wav
1349,3,3.336689342403628,1,all_actors/03-01-03-01-01-01-23.wav
1350,3,3.6370068027210882,1,all_actors/03-01-06-02-01-01-07.wav
1351,3,3.5035374149659866,1,all_actors/03-01-06-01-01-02-17.wav
1352,3,3.737097505668934,1,all_actors/03-01-07-01-01-01-15.wav
1353,3,3.83718820861678,1,all_actors/03-01-01-01-01-01-17.wav
1354,3,3.3033106575963718,1,all_actors/03-01-08-01-02-02-14.wav
1355,3,3.670340136054422,1,all_actors/03-01-05-02-01-02-12.wav
1356,3,3.6370068027210882,1,all_actors/03-01-04-02-01-02-22.wav
1357,4,4.270975056689342,1,all_actors/03-01-05-02-01-01-14.wav
1358,3,3.5035374149659866,1,all_actors/03-01-08-01-02-01-12.wav
1359,4,4.037369614512472,1,all_actors/03-01-02-01-01-01-05.wav
1360,3,3.803854875283447,1,all_actors/03-01-03-02-02-02-16.wav
1361,3,3.7704308390022674,1,all_actors/03-01-03-02-01-01-14.wav
1362,3,3.6369614512471657,1,all_actors/03-01-01-01-01-01-02.wav
1363,4,4.1374603174603175,1,all_actors/03-01-07-02-01-01-02.wav
1364,3,3.5035374149659866,1,all_actors/03-01-07-01-01-02-09.wav
1365,3,3.436780045351474,1,all_actors/03-01-03-01-01-02-08.wav
1366,4,4.004036281179138,1,all_actors/03-01-05-01-02-01-07.wav
1367,3,3.670340136054422,1,all_actors/03-01-03-01-02-02-16.wav
1368,3,3.336689342403628,1,all_actors/03-01-02-02-01-01-09.wav
1369,4,4.13750566893424,1,all_actors/03-01-02-02-02-01-21.wav
1370,3,3.7704761904761903,1,all_actors/03-01-07-01-01-01-16.wav
1371,3,3.3033106575963718,1,all_actors/03-01-08-02-02-02-13.wav
1372,3,3.47015873015873,1,all_actors/03-01-03-01-02-02-14.wav
1373,4,4.337687074829932,1,all_actors/03-01-07-02-01-01-24.wav
1374,4,4.004036281179138,1,all_actors/03-01-03-02-01-01-24.wav
1375,3,3.5035374149659866,1,all_actors/03-01-06-01-01-02-12.wav
1376,3,3.703718820861678,1,all_actors/03-01-06-02-01-02-12.wav
1377,3,3.803854875283447,1,all_actors/03-01-07-01-02-02-04.wav
1378,3,3.670340136054422,1,all_actors/03-01-03-01-01-02-14.wav
1379,3,3.570249433106576,1,all_actors/03-01-08-01-02-02-21.wav
1380,3,3.436780045351474,1,all_actors/03-01-06-02-02-02-03.wav
1381,3,3.336689342403628,1,all_actors/03-01-03-02-02-02-13.wav
1382,4,4.50453514739229,1,all_actors/03-01-02-02-01-02-05.wav
1383,3,3.53687074829932,1,all_actors/03-01-08-02-02-02-04.wav
1384,3,3.8705668934240363,1,all_actors/03-01-08-02-01-01-07.wav
1385,3,3.4034467120181406,1,all_actors/03-01-04-02-02-01-19.wav
1386,3,3.737097505668934,1,all_actors/03-01-03-01-02-01-16.wav
1387,3,3.4034013605442177,1,all_actors/03-01-03-01-02-02-07.wav
1388,3,3.703718820861678,1,all_actors/03-01-04-01-02-02-05.wav
1389,3,3.1698412698412697,1,all_actors/03-01-08-01-02-01-11.wav
1390,3,3.5035374149659866,1,all_actors/03-01-03-01-02-01-22.wav
1391,3,3.570294784580499,1,all_actors/03-01-08-01-01-02-20.wav
1392,3,3.670340136054422,1,all_actors/03-01-07-01-01-01-11.wav
1393,3,3.670340136054422,1,all_actors/03-01-04-01-02-01-22.wav
1394,4,4.104126984126984,1,all_actors/03-01-07-02-01-02-01.wav
1395,3,3.670340136054422,1,all_actors/03-01-03-02-01-01-20.wav
1396,3,3.2365986394557824,1,all_actors/03-01-06-02-01-01-05.wav
1397,3,3.970657596371882,1,all_actors/03-01-07-02-01-01-12.wav
1398,3,3.47015873015873,1,all_actors/03-01-03-01-01-02-10.wav
1399,3,3.803809523809524,1,all_actors/03-01-02-02-02-02-16.wav
1400,4,4.004036281179138,1,all_actors/03-01-02-02-02-02-03.wav
1401,4,4.170839002267574,1,all_actors/03-01-07-02-02-01-21.wav
1402,3,3.970657596371882,1,all_actors/03-01-01-01-01-02-21.wav
1403,3,3.603628117913832,1,all_actors/03-01-01-01-02-01-22.wav
1404,3,3.9039002267573695,1,all_actors/03-01-03-02-01-02-08.wav
1405,4,4.037414965986395,1,all_actors/03-01-07-02-02-01-01.wav
1406,4,4.1374603174603175,1,all_actors/03-01-07-02-02-01-07.wav
1407,3,3.937278911564626,1,all_actors/03-01-07-01-02-02-06.wav
1408,3,3.2699773242630386,1,all_actors/03-01-07-01-02-01-13.wav
1409,3,3.7704761904761903,1,all_actors/03-01-04-02-02-01-04.wav
1410,3,3.603628117913832,1,all_actors/03-01-08-01-02-02-12.wav
1411,3,3.970657596371882,1,all_actors/03-01-03-02-02-02-12.wav
1412,4,4.738095238095238,1,all_actors/03-01-07-02-02-01-20.wav
1413,3,3.1698412698412697,1,all_actors/03-01-06-01-01-01-09.wav
1414,3,3.5369160997732427,1,all_actors/03-01-03-01-01-01-22.wav
1415,3,3.436780045351474,1,all_actors/03-01-08-02-01-01-01.wav
1416,3,3.937278911564626,1,all_actors/03-01-05-01-01-02-01.wav
1417,3,3.2032199546485263,1,all_actors/03-01-06-01-02-02-03.wav
1418,3,3.1031292517006803,1,all_actors/03-01-08-02-01-02-11.wav
1419,3,3.2699773242630386,1,all_actors/03-01-03-01-02-02-23.wav
1420,3,3.6370068027210882,1,all_actors/03-01-05-01-02-02-18.wav
1421,3,3.670340136054422,1,all_actors/03-01-07-02-02-01-14.wav
1422,3,3.603628117913832,1,all_actors/03-01-02-02-01-01-18.wav
1423,3,3.970657596371882,1,all_actors/03-01-05-01-01-02-12.wav
1424,3,3.336689342403628,1,all_actors/03-01-03-01-01-02-15.wav
1425,4,4.404399092970522,1,all_actors/03-01-04-02-01-01-24.wav
1426,4,4.1374603174603175,1,all_actors/03-01-03-02-01-02-12.wav
1427,4,4.037369614512472,1,all_actors/03-01-05-01-02-02-22.wav
1428,3,3.670340136054422,1,all_actors/03-01-02-02-01-01-15.wav
1429,3,3.3033106575963718,1,all_actors/03-01-03-01-02-01-10.wav
1430,3,3.803809523809524,1,all_actors/03-01-02-02-02-01-10.wav
1431,3,3.570249433106576,1,all_actors/03-01-04-02-01-02-10.wav
1432,3,3.570294784580499,1,all_actors/03-01-05-01-01-02-09.wav
1433,3,3.3700226757369616,1,all_actors/03-01-03-02-02-01-13.wav
1434,3,3.47015873015873,1,all_actors/03-01-03-02-01-02-06.wav
1435,3,3.970657596371882,1,all_actors/03-01-02-02-01-01-04.wav
1436,3,3.83718820861678,1,all_actors/03-01-03-02-02-01-14.wav
1437,3,3.5035374149659866,1,all_actors/03-01-03-01-01-01-04.wav
1438,3,3.737097505668934,1,all_actors/03-01-06-01-01-01-03.wav
1439,3,3.83718820861678,1,all_actors/03-01-03-02-01-01-10.wav
